algarve.png 1
0 914 192 1 F
1 920 176 1 F
2 931 203 1 F
3 937 185 1
4 944 169 1
5 955 196 1
6 961 178 1
7 968 161 1
8 979 188 1
9 985 171 1
10 992 153 1
11 1003 181 1
12 1008 163 1
13 1016 145 1
14 1026 174 1
15 1032 156 1
16 1040 138 1
17 1050 166 1
18 1056 149 1
19 1064 131 1
20 1074 159 1
21 1080 142 1
22 1088 124 1
23 1098 152 1
24 1103 134 1
25 1112 116 1
26 1121 144 1
27 1127 127 1
28 1136 109 1
29 1145 137 1
30 1151 120 1
31 1160 102 1
32 1169 130 1
33 1175 112 1
34 1184 95 3
35 1193 122 1
36 1201 105 3
37 1214 86 3
38 1226 101 3
39 1219 115 3
40 1241 90 3
41 1247 110 3
42 1265 107 3
43 1241 125 3
44 1263 125 3
45 1281 126 3
46 1258 146 1
47 1280 149 1
48 1297 149 1
49 1272 166 1
50 1296 169 1
51 1313 169 1
52 1290 186 1
53 1310 188 1
54 1331 192 1
55 1308 209 1
56 1328 212 1
57 1324 233 1
58 1350 221 1
59 1342 240 1
60 1358 261 1
61 1332 257 1
62 1342 273 1
63 1353 290 1
64 1325 282 1
65 1334 299 1
66 1348 313 1
67 1317 308 1
68 1330 323 1
69 1342 337 1
70 1314 334 1
71 1324 346 1
72 1337 366 2
73 1308 357 1
74 1320 372 2
75 1329 392 2
76 1308 397 2
77 1305 416 2
78 1286 404 2
79 1294 389 2
80 1268 410 2
81 1265 389 2
82 1272 374 2
83 1248 389 2
84 1253 370 2
85 1259 351 2
86 1235 368 2
87 1239 349 2
88 1244 328 2
89 1221 347 2
90 1226 329 2
91 1231 311 2
92 1208 328 2
93 1214 308 2
94 1211 288 2
95 1193 295 2
96 1192 311 2
97 1184 274 2
98 1168 287 2
99 1155 272 2
100 1161 301 2
101 1141 289 2
102 1127 280 2
103 1135 309 1
104 1117 299 1
105 1104 287 1
106 1112 316 1
107 1094 306 1
108 1080 294 1
109 1088 323 1
110 1070 313 1
111 1056 301 1
112 1064 330 1
113 1046 320 1
114 1032 309 1
115 1040 337 1
116 1022 327 1
117 1008 316 1
118 1016 344 1
119 999 335 1
120 984 323 1
121 992 351 1
122 975 342 1
123 960 330 1
124 968 359 1
125 951 349 1
126 936 338 1
127 944 366 1
128 927 356 1
129 912 345 1
130 920 373 1
131 903 363 1
132 889 352 1
133 896 380 1
134 880 371 1
135 865 359 1
136 872 387 1
137 856 378 1
138 841 367 1
139 848 394 1
140 832 385 1
141 817 374 1
142 824 401 1
143 808 392 1
144 793 381 1
145 800 409 1
146 784 399 1
147 769 388 1
148 776 416 1
149 761 407 1
150 745 396 1
151 752 423 1
152 737 414 1
153 721 403 1
154 728 430 1
155 713 421 1
156 697 410 1
157 704 437 1
158 689 428 1
159 673 418 1
160 680 444 1
161 665 436 1
162 648 423 3
163 656 452 1
164 643 443 3
165 621 436 3
166 621 452 3
167 601 462 3
168 630 465 3
169 614 478 3
170 604 492 3
171 626 496 3
172 631 514 3
173 637 486 3
174 649 504 3
175 659 520 3
176 662 488 1
177 674 506 1
178 688 490 1
179 685 521 1
180 700 508 1
181 714 493 1
182 712 523 1
183 726 510 1
184 739 495 1
185 738 525 1
186 751 512 1
187 765 498 1
188 765 527 1
189 777 514 1
190 791 500 1
191 791 529 1
192 803 516 1
193 817 503 1
194 818 531 1
195 833 516 1
196 847 500 1
197 853 527 1
198 866 508 1
199 876 489 1
200 885 516 1
201 893 496 1
202 899 476 1
203 912 501 1
204 918 484 1
205 921 465 1
206 934 488 1
207 937 471 1
208 944 453 1
209 956 476 1
210 960 460 1
211 964 443 1
212 976 465 1
213 983 448 1
214 987 431 1
215 997 455 1
216 1005 435 1
217 1009 417 1
218 1021 443 1
219 1025 422 1
220 1032 404 2
221 1045 429 1
222 1049 412 2
223 1060 395 2
224 1072 409 2
225 1071 421 2
226 1090 396 2
227 1096 413 2
228 1116 410 2
229 1097 430 2
230 1116 426 2
231 1136 425 2
232 1117 447 2
233 1136 443 2
234 1154 441 2
235 1135 462 2
236 1154 461 2
237 1174 458 2
238 1154 480 2
239 1172 479 2
240 1195 485 2
241 1181 501 2
242 1168 500 2
243 1195 513 2
244 1176 524 2
245 1179 543 2
246 1165 517 2
247 1158 539 2
248 1154 554 2
249 1142 528 1
250 1132 544 1
251 1122 561 1
252 1118 532 1
253 1108 548 1
254 1098 564 1
255 1093 536 1
256 1083 552 1
257 1073 568 1
258 1068 540 1
259 1058 556 1
260 1049 572 1
261 1043 544 1
262 1033 560 1
263 1024 576 1
264 1018 548 1
265 1008 564 1
266 999 580 1
267 993 552 1
268 983 569 1
269 975 584 1
270 969 556 1
271 958 573 1
272 950 588 1
273 944 560 1
274 933 577 1
275 925 592 1
276 919 564 1
277 908 581 1
278 901 596 1
279 894 568 1
280 883 585 1
281 876 600 1
282 869 572 1
283 858 589 1
284 851 604 1
285 844 576 1
286 833 594 1
287 824 613 1
288 815 586 1
289 805 607 1
290 800 628 1
291 780 609 1
292 782 631 1
293 785 649 1
294 760 637 1
295 771 653 1
296 775 671 1
297 749 659 1
298 760 676 1
299 764 694 1
300 738 682 1
301 749 698 1
302 753 717 1
303 727 704 1
304 737 721 1
305 743 740 1
306 716 727 1
307 726 743 1
308 732 763 1
309 705 749 1
310 714 769 1
311 721 786 1
312 694 772 1
313 703 789 1
314 709 810 3
315 684 795 1
316 691 815 3
317 694 832 3
318 673 831 3
319 670 817 3
320 668 848 3
321 652 840 3
322 640 856 3
323 641 828 3
324 624 841 3
325 610 851 3
326 600 835 3
327 613 827 3
328 581 842 3
329 581 821 3
330 561 819 3
331 588 808 3
332 566 800 3
333 549 794 3
334 576 783 1
335 558 775 1
336 567 761 1
337 541 766 1
338 552 752 1
339 562 737 1
340 534 744 1
341 544 726 1
342 555 716 1
343 526 723 1
344 537 704 1
345 546 691 1
346 519 700 1
347 528 680 1
348 539 661 1
349 513 671 1
350 517 651 1
351 520 631 1
352 498 649 1
353 498 629 1
354 493 607 1
355 480 631 1
356 469 610 1
357 460 595 1
358 452 622 1
359 441 606 1
360 429 591 1
361 425 619 1
362 415 602 1
363 406 587 1
364 399 617 1
365 391 599 1
366 381 585 1
367 377 615 1
368 366 598 1
369 357 582 1
370 353 610 1
371 341 594 1
372 330 579 3
373 327 607 1
374 315 592 3
375 303 581 3
376 294 601 3
377 276 602 3
378 302 613 3
379 282 622 3
380 268 636 3
381 284 646 3
382 278 663 3
383 296 641 3
384 299 664 3
385 300 681 3
386 320 661 1
387 320 679 1
388 341 676 1
389 324 699 1
390 341 695 1
391 361 691 1
392 342 714 1
393 359 708 1
394 383 707 2
395 362 728 1
396 382 725 2
397 404 728 2
398 397 745 2
399 382 750 2
400 414 753 2
401 405 767 2
402 416 779 2
403 390 777 2
404 400 791 2
405 407 809 2
406 389 815 2
407 377 803 2
408 389 834 2
409 368 831 2
410 361 846 2
411 350 821 2
412 344 836 2
413 332 848 2
414 319 833 2
415 304 839 2
416 320 816 2
417 297 818 2
418 280 824 2
419 296 797 1
420 280 803 1
421 259 809 1
422 276 783 1
423 256 789 1
424 238 791 1
425 255 769 1
426 235 776 1
427 219 780 1
428 234 754 1
429 218 761 1
430 199 767 1
431 214 740 1
432 197 747 1
433 178 750 1
434 193 725 1
435 177 733 1
436 152 736 1
437 172 711 1
438 156 718 1
439 135 717 1
440 151 696 1
441 134 697 1
442 114 694 1
443 133 678 1
444 114 674 1
445 94 667 1
446 119 651 1
447 99 644 1
448 79 635 1
449 108 626 1
450 90 615 1
451 72 603 1
452 102 597 1
453 87 583 1
454 70 570 1
455 101 569 1
456 88 554 1
457 77 538 1
458 103 545 1
459 95 523 1
460 86 506 1
461 112 518 1
462 106 495 1
463 102 471 1
464 126 490 1
465 123 471 1
466 120 451 1
467 143 467 1
468 146 447 1
469 148 428 1
470 164 451 1
471 169 429 1
472 176 409 1
473 187 432 1
474 195 415 1
475 207 396 1
476 214 423 1
477 223 408 1
478 230 389 1
479 237 416 1
480 246 400 1
481 253 382 1
482 261 409 1
483 271 392 1
484 277 375 1
485 285 401 1
486 294 385 1
487 301 367 1
488 309 394 1
489 318 378 1
490 325 360 1
491 332 387 1
492 340 371 1
493 349 353 1
494 356 379 1
495 365 363 1
496 372 345 1
497 380 372 1
498 391 355 1
499 396 338 1
500 404 364 1
501 414 347 1
502 420 331 1
503 427 357 1
504 437 341 1
505 444 323 1
506 451 350 1
507 461 333 1
508 468 316 1
509 475 342 1
510 484 326 1
511 491 308 1
512 499 335 1
513 509 318 1
514 515 301 1
515 523 327 1
516 533 310 1
517 539 294 1
518 547 320 1
519 557 303 1
520 564 285 1
521 571 313 1
522 581 296 1
523 617 249 7
524 640 241 7
525 667 234 7
526 687 228 7
527 712 220 7
528 736 214 7
529 759 205 7
530 785 196 7
531 804 192 7
532 830 182 7
533 852 175 7
534 876 169 7
535 902 161 7
536 928 153 7
537 587 279 1
538 596 305 1
539 604 289 1
540 611 272 1
541 619 298 1
542 628 281 1
543 636 263 1
544 643 291 1
545 652 275 1
546 658 257 1
547 668 283 1
548 676 266 1
549 682 249 1
550 691 276 1
551 700 260 1
552 707 241 1
553 715 269 1
554 724 252 1
555 730 235 1
556 739 261 1
557 748 244 1
558 753 227 1
559 763 254 1
560 771 237 1
561 779 219 1
562 787 247 1
563 795 231 1
564 801 213 1
565 811 239 1
566 818 223 1
567 825 205 1
568 835 232 1
569 843 215 1
570 849 198 1
571 859 225 1
572 867 208 1
573 873 190 1
574 883 217 1
575 890 199 1
576 897 183 1
577 908 210 1

0 1
0 2
0 3
1 3
1 4
2 3
2 5
3 4
3 5
3 6
4 6
4 7
5 6
5 8
6 7
6 8
6 9
7 9
7 10
8 9
8 11
9 10
9 11
9 12
10 12
10 13
11 12
11 14
12 15
12 13
12 14
13 15
13 16
14 15
14 17
15 16
15 17
15 18
16 18
16 19
17 18
17 20
18 19
18 20
18 21
19 21
19 22
20 21
20 23
21 22
21 23
21 24
22 24
22 25
23 24
23 26
24 25
24 26
24 27
25 27
25 28
26 27
26 29
27 28
27 29
27 30
28 31
28 30
29 32
29 30
30 31
30 32
30 33
31 33
31 34
32 33
32 35
33 36
34 36
34 37
35 39
36 38
36 39
37 38
37 40
38 41
39 43
40 41
40 42
41 44
42 44
42 45
43 46
44 47
44 46
45 47
45 48
46 47
46 49
47 48
47 49
47 50
48 50
48 51
49 50
49 52
50 51
50 52
50 53
51 53
51 54
52 53
52 55
53 54
53 55
53 56
54 56
54 58
55 56
55 57
56 57
56 58
56 59
57 58
57 59
57 61
58 59
58 60
58 61
59 60
59 61
59 62
60 63
60 62
61 64
61 62
62 63
62 64
62 65
63 65
63 66
64 65
64 67
65 66
65 67
65 68
66 68
66 69
67 68
67 70
68 69
68 70
68 71
69 71
69 72
70 71
70 73
71 74
72 74
72 75
73 79
74 79
74 76
75 76
75 77
76 78
77 80
77 78
78 81
79 82
80 81
80 83
81 82
81 84
82 84
82 85
83 84
83 86
84 85
84 86
84 87
85 87
85 88
86 87
86 89
87 88
87 89
87 90
88 90
88 91
89 90
89 92
90 92
90 93
91 93
91 94
92 96
93 95
93 96
94 95
94 97
95 98
95 100
96 100
97 98
97 99
98 101
99 101
99 102
100 103
101 103
101 104
102 104
102 105
103 104
103 106
104 105
104 106
104 107
105 107
105 108
106 107
106 109
107 108
107 109
107 110
108 111
108 110
109 112
109 110
110 111
110 112
110 113
111 113
111 114
112 113
112 115
113 114
113 115
113 116
114 116
114 117
115 116
115 118
116 117
116 118
116 119
117 119
117 120
118 119
118 121
119 120
119 121
119 122
120 122
120 123
121 122
121 124
122 123
122 124
122 125
123 125
123 126
124 127
124 125
125 127
125 128
125 126
126 128
126 129
127 128
127 130
128 129
128 130
128 131
129 131
129 132
130 131
130 133
131 132
131 133
131 134
132 134
132 135
133 134
133 136
134 135
134 136
134 137
135 137
135 138
136 137
136 139
137 138
137 139
137 140
138 140
138 141
139 140
139 142
140 143
140 141
140 142
141 143
141 144
142 143
142 145
143 144
143 145
143 146
144 146
144 147
145 146
145 148
146 147
146 148
146 149
147 149
147 150
148 149
148 151
149 150
149 151
149 152
150 152
150 153
151 152
151 154
152 153
152 154
152 155
153 155
153 156
154 155
154 157
155 156
155 157
155 158
156 159
156 158
157 160
157 158
158 159
158 160
158 161
159 161
159 162
160 161
160 163
161 164
162 164
162 165
163 168
164 166
164 168
165 166
165 167
166 169
167 169
167 170
168 173
169 171
169 173
170 171
170 172
171 174
172 175
172 174
173 176
174 176
174 177
175 177
175 179
176 177
176 178
177 178
177 179
177 180
178 180
178 181
179 180
179 182
180 181
180 182
180 183
181 183
181 184
182 183
182 185
183 184
183 185
183 186
184 186
184 187
185 186
185 188
186 187
186 188
186 189
187 189
187 190
188 191
188 189
189 191
189 192
189 190
190 192
190 193
191 192
191 194
192 193
192 194
192 195
193 195
193 196
194 195
194 197
195 196
195 197
195 198
196 198
196 199
197 198
197 200
198 199
198 200
198 201
199 201
199 202
200 201
200 203
201 202
201 203
201 204
202 204
202 205
203 204
203 206
204 207
204 205
204 206
205 207
205 208
206 207
206 209
207 208
207 209
207 210
208 210
208 211
209 210
209 212
210 211
210 212
210 213
211 213
211 214
212 213
212 215
213 214
213 215
213 216
214 216
214 217
215 216
215 218
216 217
216 218
216 219
217 219
217 220
218 219
218 221
219 222
220 223
220 222
221 225
222 224
222 225
223 224
223 226
224 227
225 229
226 227
226 228
227 229
227 230
228 230
228 231
229 232
230 232
230 233
231 233
231 234
232 235
233 235
233 236
234 236
234 237
235 238
236 239
236 238
237 239
237 240
238 242
239 241
239 242
240 241
240 243
241 244
242 246
243 244
243 245
244 247
245 247
245 248
246 249
247 249
247 250
248 250
248 251
249 250
249 252
250 251
250 252
250 253
251 253
251 254
252 255
252 253
253 255
253 256
253 254
254 256
254 257
255 256
255 258
256 257
256 258
256 259
257 259
257 260
258 259
258 261
259 260
259 261
259 262
260 262
260 263
261 262
261 264
262 263
262 264
262 265
263 265
263 266
264 265
264 267
265 266
265 267
265 268
266 268
266 269
267 268
267 270
268 271
268 269
268 270
269 271
269 272
270 271
270 273
271 272
271 273
271 274
272 274
272 275
273 274
273 276
274 275
274 276
274 277
275 277
275 278
276 277
276 279
277 278
277 279
277 280
278 280
278 281
279 280
279 282
280 281
280 282
280 283
281 283
281 284
282 283
282 285
283 284
283 285
283 286
284 287
284 286
285 288
285 286
286 287
286 288
286 289
287 289
287 290
288 289
288 291
289 290
289 291
289 292
290 292
290 293
291 292
291 294
292 293
292 294
292 295
293 295
293 296
294 295
294 297
295 296
295 297
295 298
296 298
296 299
297 298
297 300
298 299
298 300
298 301
299 301
299 302
300 303
300 301
301 303
301 304
301 302
302 304
302 305
303 304
303 306
304 305
304 306
304 307
305 307
305 308
306 307
306 309
307 308
307 309
307 310
308 310
308 311
309 310
309 312
310 311
310 312
310 313
311 313
311 314
312 313
312 315
313 316
314 316
314 317
315 319
316 319
316 318
317 320
317 318
318 321
319 323
320 321
320 322
321 324
322 324
322 325
323 327
324 326
324 327
325 326
325 328
326 329
327 331
328 329
328 330
329 332
330 332
330 333
331 334
332 335
332 334
333 335
333 337
334 335
334 336
335 336
335 337
335 338
336 338
336 339
337 338
337 340
338 339
338 340
338 341
339 341
339 342
340 341
340 343
341 342
341 343
341 344
342 344
342 345
343 344
343 346
344 345
344 346
344 347
345 347
345 348
346 347
346 349
347 348
347 349
347 350
348 351
348 350
349 352
349 350
350 351
350 352
350 353
351 353
351 354
352 353
352 355
353 354
353 355
353 356
354 356
354 357
355 356
355 358
356 357
356 358
356 359
357 359
357 360
358 359
358 361
359 360
359 361
359 362
360 362
360 363
361 362
361 364
362 363
362 364
362 365
363 365
363 366
364 367
364 365
365 367
365 368
365 366
366 368
366 369
367 368
367 370
368 369
368 370
368 371
369 371
369 372
370 371
370 373
371 374
372 374
372 375
373 378
374 376
374 378
375 376
375 377
376 379
377 379
377 380
378 383
379 383
379 381
380 381
380 382
381 384
382 384
382 385
383 386
384 386
384 387
385 387
385 389
386 387
386 388
387 388
387 389
387 390
388 390
388 391
389 390
389 392
390 391
390 392
390 393
391 393
391 394
392 393
392 395
393 396
394 396
394 397
395 399
396 399
396 398
397 400
397 398
398 401
399 403
400 401
400 402
401 403
401 404
402 404
402 405
403 407
404 406
404 407
405 406
405 408
406 409
407 411
408 409
408 410
409 411
409 412
410 412
410 413
411 416
412 414
413 415
413 414
414 416
414 417
415 417
415 418
416 419
417 419
417 420
418 420
418 421
419 420
419 422
420 421
420 422
420 423
421 423
421 424
422 423
422 425
423 424
423 425
423 426
424 426
424 427
425 426
425 428
426 427
426 428
426 429
427 429
427 430
428 431
428 429
429 431
429 432
429 430
430 432
430 433
431 432
431 434
432 433
432 434
432 435
433 435
433 436
434 435
434 437
435 436
435 437
435 438
436 438
436 439
437 438
437 440
438 439
438 440
438 441
439 441
439 442
440 441
440 443
441 442
441 443
441 444
442 444
442 445
443 444
443 446
444 447
444 445
444 446
445 447
445 448
446 447
446 449
447 448
447 449
447 450
448 450
448 451
449 450
449 452
450 451
450 452
450 453
451 453
451 454
452 453
452 455
453 454
453 455
453 456
454 456
454 457
455 456
455 458
456 457
456 458
456 459
457 459
457 460
458 459
458 461
459 460
459 461
459 462
460 463
460 462
461 464
461 462
462 463
462 464
462 465
463 465
463 466
464 465
464 467
465 466
465 467
465 468
466 468
466 469
467 468
467 470
468 469
468 470
468 471
469 471
469 472
470 471
470 473
471 472
471 473
471 474
472 474
472 475
473 474
473 476
474 475
474 476
474 477
475 477
475 478
476 479
476 477
477 479
477 480
477 478
478 480
478 481
479 480
479 482
480 481
480 482
480 483
481 483
481 484
482 483
482 485
483 484
483 485
483 486
484 486
484 487
485 486
485 488
486 487
486 488
486 489
487 489
487 490
488 489
488 491
489 490
489 491
489 492
490 492
490 493
491 492
491 494
492 495
492 493
492 494
493 495
493 496
494 495
494 497
495 496
495 497
495 498
496 498
496 499
497 498
497 500
498 499
498 500
498 501
499 501
499 502
500 501
500 503
501 502
501 503
501 504
502 504
502 505
503 504
503 506
504 505
504 506
504 507
505 507
505 508
506 507
506 509
507 508
507 509
507 510
508 511
508 510
509 512
509 510
510 511
510 512
510 513
511 513
511 514
512 513
512 515
513 514
513 515
513 516
514 516
514 517
515 516
515 518
516 517
516 518
516 519
517 519
517 520
518 519
518 521
519 520
519 521
519 522
520 537
520 522
521 538
521 522
522 537
522 538
522 539
523 524
524 525
525 526
526 527
527 528
528 529
529 530
530 531
531 532
532 533
533 534
534 535
535 536
536 4
536 7
537 523
537 539
537 540
538 539
538 541
539 540
539 541
539 542
540 543
540 523
540 542
541 544
541 542
542 543
542 544
542 545
543 545
543 546
544 545
544 547
545 546
545 547
545 548
546 548
546 549
547 548
547 550
548 549
548 550
548 551
549 551
549 552
550 551
550 553
551 552
551 553
551 554
552 554
552 555
553 554
553 556
554 555
554 556
554 557
555 557
555 558
556 559
556 557
557 559
557 560
557 558
558 560
558 561
559 560
559 562
560 561
560 562
560 563
561 563
561 564
562 563
562 565
563 564
563 565
563 566
564 566
564 567
565 566
565 568
566 567
566 568
566 569
567 569
567 570
568 569
568 571
569 570
569 571
569 572
570 572
570 573
571 572
571 574
572 575
572 573
572 574
573 575
573 576
574 575
574 577
575 576
575 0
575 577
576 0
576 1
577 0
577 2

34 0.0
36 0.5
37 1.0
38 1.5
39 2.0
40 2.5
41 3.0
42 3.5
43 4.0
44 4.5
45 5.0
72 0.0
74 0.5
75 1.0
76 1.5
77 2.0
78 2.5
79 3.0
80 3.5
81 4.0
82 4.5
83 5.0
84 5.5
85 6.0
86 6.5
87 7.0
88 7.5
89 8.0
90 8.5
91 9.0
92 9.5
93 10.0
94 10.5
95 11.0
96 11.5
97 12.0
98 12.5
99 13.0
100 13.5
101 14.0
102 14.5
162 0.0
164 0.5
165 1.0
166 1.5
167 2.0
168 2.5
169 3.0
170 3.5
171 4.0
172 4.5
173 5.0
174 5.5
175 6.0
220 0.0
222 0.5
223 1.0
224 1.5
225 2.0
226 2.5
227 3.0
228 3.5
229 4.0
230 4.5
231 5.0
232 5.5
233 6.0
234 6.5
235 7.0
236 7.5
237 8.0
238 8.5
239 9.0
240 9.5
241 10.0
242 10.5
243 11.0
244 11.5
245 12.0
246 12.5
247 13.0
248 13.5
314 0.0
316 0.5
317 1.0
318 1.5
319 2.0
320 2.5
321 3.0
322 3.5
323 4.0
324 4.5
325 5.0
326 5.5
327 6.0
328 6.5
329 7.0
330 7.5
331 8.0
332 8.5
333 9.0
372 0.0
374 0.5
375 1.0
376 1.5
377 2.0
378 2.5
379 3.0
380 3.5
381 4.0
382 4.5
383 5.0
384 5.5
385 6.0
394 0.0
396 0.5
397 1.0
398 1.5
399 2.0
400 2.5
401 3.0
402 3.5
403 4.0
404 4.5
405 5.0
406 5.5
407 6.0
408 6.5
409 7.0
410 7.5
411 8.0
412 8.5
413 9.0
414 9.5
415 10.0
416 10.5
417 11.0
418 11.5
525 1.0
526 1.0
527 1.0
528 1.0
529 1.0
530 1.0
531 1.0
532 1.0
533 1.0
534 1.0

520 340.0
538 350.0
543 340.0
547 345.0
552 340.0
556 340.0
561 340.0
565 350.0
570 345.0
574 350.0
