budapest.png 1
0 1170 532 5
1 1183 545 5
2 1155 544 5
3 1168 558 1
4 1183 565 1
5 1155 566 1
6 1168 581 1
7 1183 589 1
8 1155 590 1
9 1168 604 1
10 1184 613 1
11 1155 614 1
12 1169 627 1
13 1184 637 1
14 1155 638 1
15 1169 650 1
16 1184 661 1
17 1155 662 1
18 1169 673 1
19 1185 685 1
20 1156 687 1
21 1170 697 1
22 1182 710 3
23 1151 710 1
24 1164 718 3
25 1175 732 3
26 1162 754 3
27 1149 744 3
28 1140 732 3
29 1136 771 3
30 1130 759 3
31 1117 750 3
32 1111 780 3
33 1098 766 3
34 1085 778 3
35 1058 774 3
36 1081 751 3
37 1068 760 3
38 1037 758 3
39 1042 746 3
40 1020 732 3
41 1051 734 3
42 1032 723 3
43 1012 710 3
44 1044 710 1
45 1027 696 1
46 1042 685 1
47 1012 686 1
48 1027 674 1
49 1041 661 1
50 1012 662 1
51 1027 648 1
52 1040 636 1
53 1012 637 1
54 1026 625 1
55 1040 612 1
56 1012 613 1
57 1025 600 1
58 1040 587 1
59 1012 588 1
60 1026 576 1
61 1040 562 1
62 1012 564 1
63 1025 551 1
64 1040 538 2
65 1011 539 1
66 1025 525 2
67 1037 513 2
68 1007 512 2
69 1012 499 2
70 1018 485 2
71 988 489 2
72 987 474 2
73 986 501 2
74 955 481 2
75 958 492 2
76 962 512 2
77 935 503 2
78 943 519 2
79 953 533 2
80 927 527 2
81 934 546 2
82 943 561 2
83 918 553 2
84 925 570 2
85 937 586 2
86 908 578 2
87 919 593 2
88 929 613 2
89 911 616 2
90 907 634 2
91 899 605 2
92 890 631 2
93 884 648 2
94 874 619 1
95 865 637 1
96 853 625 1
97 859 654 1
98 844 641 1
99 828 633 1
100 833 660 1
101 820 648 1
102 805 637 1
103 808 668 1
104 794 654 1
105 781 644 1
106 784 673 1
107 773 660 1
108 756 649 1
109 762 675 1
110 748 666 1
111 730 653 1
112 737 682 1
113 723 672 1
114 711 659 1
115 714 690 1
116 701 677 1
117 686 665 1
118 692 692 1
119 676 682 1
120 661 672 1
121 668 700 1
122 651 688 1
123 639 676 1
124 645 704 1
125 631 693 1
126 617 684 1
127 623 710 1
128 607 700 1
129 592 688 1
130 601 716 1
131 581 704 1
132 568 693 1
133 577 721 1
134 559 710 1
135 546 698 1
136 548 725 1
137 533 711 1
138 521 697 1
139 521 727 1
140 509 712 1
141 499 695 3
142 495 724 1
143 471 696 3
144 481 710 3
145 447 712 3
146 471 727 3
147 454 721 3
148 435 731 3
149 459 747 1
150 442 748 1
151 447 767 1
152 423 751 1
153 428 771 1
154 435 788 1
155 410 772 1
156 415 792 1
157 423 808 1
158 397 792 1
159 401 812 1
160 411 829 1
161 384 813 1
162 391 831 1
163 398 848 3
164 371 834 1
165 383 869 3
166 373 857 3
167 353 883 3
168 347 854 3
169 336 870 3
170 327 885 3
171 314 859 3
172 289 883 3
173 296 871 3
174 262 862 3
175 284 845 3
176 265 846 3
177 241 837 3
178 267 826 1
179 250 819 1
180 231 803 1
181 260 804 1
182 242 790 1
183 227 777 1
184 257 779 1
185 242 766 1
186 229 753 1
187 258 755 1
188 245 742 1
189 232 729 1
190 261 731 1
191 248 717 1
192 235 704 1
193 264 706 1
194 251 693 1
195 238 680 1
196 267 682 1
197 254 668 1
198 241 655 1
199 270 657 1
200 257 643 1
201 245 630 3
202 274 632 1
203 251 604 3
204 258 619 3
205 269 586 3
206 280 595 3
207 286 607 3
208 318 600 3
209 295 581 3
210 315 586 3
211 337 580 3
212 317 565 1
213 333 560 1
214 353 559 1
215 327 543 1
216 347 540 1
217 368 538 1
218 339 523 1
219 358 520 1
220 378 517 1
221 351 502 1
222 370 500 1
223 388 496 1
224 364 482 1
225 382 480 1
226 401 475 1
227 376 461 1
228 394 459 1
229 413 455 2
230 389 440 1
231 409 436 2
232 425 431 2
233 419 403 2
234 393 416 2
235 404 409 2
236 381 396 2
237 404 379 2
238 387 381 2
239 368 376 2
240 389 358 2
241 374 360 2
242 355 355 2
243 358 336 2
244 343 330 2
245 375 337 2
246 341 304 2
247 354 310 2
248 356 282 2
249 367 307 2
250 372 285 2
251 376 265 2
252 393 290 1
253 398 271 1
254 398 255 1
255 414 279 1
256 418 261 1
257 419 243 1
258 436 267 1
259 440 249 1
260 440 232 1
261 457 256 1
262 459 239 1
263 461 221 1
264 479 244 1
265 480 227 1
266 484 205 1
267 501 232 1
268 504 211 1
269 502 190 1
270 526 210 1
271 523 186 1
272 511 168 1
273 541 181 1
274 530 162 1
275 519 145 1
276 548 152 1
277 537 136 1
278 528 122 1
279 555 129 1
280 546 113 1
281 534 97 1
282 564 104 1
283 550 89 1
284 541 74 3
285 569 82 1
286 560 66 3
287 550 51 3
288 565 31 3
289 573 43 3
290 587 25 3
291 581 55 3
292 598 38 3
293 610 24 3
294 615 54 1
295 622 38 1
296 634 24 1
297 637 54 1
298 649 38 1
299 659 25 1
300 661 54 1
301 673 38 1
302 684 25 1
303 687 54 1
304 699 39 1
305 709 26 1
306 711 55 1
307 722 39 1
308 734 26 1
309 734 54 1
310 747 39 1
311 759 27 1
312 759 54 1
313 771 39 1
314 784 28 1
315 783 54 1
316 793 40 1
317 809 27 3
318 806 54 1
319 821 40 3
320 834 29 3
321 854 43 3
322 846 54 3
323 865 63 3
324 836 65 3
325 852 78 3
326 874 82 3
327 848 98 1
328 868 104 1
329 863 124 1
330 890 109 1
331 882 126 1
332 875 145 1
333 902 128 1
334 892 145 1
335 887 164 1
336 913 150 1
337 907 166 1
338 900 185 1
339 925 170 1
340 921 187 1
341 915 208 1
342 943 195 1
343 932 211 1
344 924 232 1
345 951 225 1
346 937 239 1
347 923 252 1
348 954 248 1
349 942 263 1
350 931 276 3
351 957 271 1
352 951 288 3
353 943 303 3
354 967 321 3
355 973 309 3
356 974 294 3
357 1001 322 3
358 1000 308 3
359 1030 305 3
360 1000 293 3
361 1020 288 3
362 1038 276 3
363 1013 272 1
364 1028 263 1
365 1013 251 1
366 1042 248 1
367 1028 238 1
368 1013 224 1
369 1042 225 1
370 1028 213 1
371 1013 198 1
372 1042 201 1
373 1028 188 1
374 1013 171 1
375 1042 178 1
376 1028 163 1
377 1012 151 1
378 1041 155 1
379 1029 137 1
380 1015 127 3
381 1045 130 1
382 1035 114 3
383 1024 104 3
384 1039 84 3
385 1048 95 3
386 1059 105 3
387 1061 68 3
388 1072 78 3
389 1081 90 3
390 1086 62 3
391 1098 75 3
392 1108 62 3
393 1113 90 3
394 1121 80 3
395 1133 70 3
396 1154 83 3
397 1147 93 3
398 1138 105 3
399 1175 108 3
400 1163 115 3
401 1182 129 3
402 1153 132 1
403 1170 148 1
404 1185 157 1
405 1153 159 1
406 1170 171 1
407 1185 186 1
408 1154 181 1
409 1170 196 1
410 1184 206 1
411 1153 207 1
412 1170 220 1
413 1133 268 7
414 1133 291 7
415 1135 315 7
416 1135 337 7
417 1135 361 7
418 1134 385 7
419 1134 407 7
420 1134 433 7
421 1134 457 7
422 1134 481 7
423 1135 506 7
424 1135 528 7
425 1132 556 7
426 1135 580 7
427 1185 230 1
428 1153 231 1
429 1170 245 1
430 1184 254 1
431 1154 253 1
432 1170 268 1
433 1184 278 1
434 1153 279 1
435 1170 292 1
436 1184 303 1
437 1153 303 1
438 1170 316 1
439 1184 327 1
440 1155 326 1
441 1170 340 1
442 1184 351 1
443 1154 352 1
444 1170 362 1
445 1183 372 1
446 1154 376 1
447 1170 387 1
448 1185 396 1
449 1154 397 1
450 1170 410 1
451 1184 422 1
452 1154 424 1
453 1170 433 1
454 1184 448 1
455 1154 448 1
456 1170 459 1
457 1184 473 1
458 1154 472 1
459 1170 484 1
460 1183 495 1
461 1154 495 1
462 1170 504 1
463 1184 520 1
464 1155 520 1

0 1
0 2
0 3
1 3
1 4
2 3
2 5
3 4
3 5
3 6
4 6
4 7
5 6
5 8
6 7
6 8
6 9
7 9
7 10
8 9
8 11
9 10
9 11
9 12
10 12
10 13
11 12
11 14
12 15
12 13
12 14
13 15
13 16
14 15
14 17
15 16
15 17
15 18
16 18
16 19
17 18
17 20
18 19
18 20
18 21
19 21
19 22
20 21
20 23
21 24
22 24
22 25
23 28
24 27
24 28
25 26
25 27
26 29
27 30
28 31
29 32
29 30
30 31
30 33
31 36
32 33
32 34
33 36
33 37
34 35
34 37
35 38
36 41
37 39
37 41
38 39
38 40
39 42
40 42
40 43
41 44
42 44
42 45
43 47
43 45
44 45
44 46
45 47
45 48
45 46
46 48
46 49
47 48
47 50
48 49
48 50
48 51
49 51
49 52
50 51
50 53
51 52
51 53
51 54
52 54
52 55
53 54
53 56
54 55
54 56
54 57
55 57
55 58
56 57
56 59
57 58
57 59
57 60
58 60
58 61
59 60
59 62
60 63
60 61
60 62
61 63
61 64
62 63
62 65
63 66
64 66
64 67
65 68
66 68
66 69
67 69
67 70
68 73
69 71
69 73
70 71
70 72
71 75
72 74
72 75
73 76
74 77
75 76
75 78
76 79
77 80
77 78
78 79
78 81
79 82
80 81
80 83
81 82
81 84
82 84
82 85
83 84
83 86
84 86
84 87
85 87
85 88
86 91
87 89
87 91
88 89
88 90
89 92
90 92
90 93
91 94
92 95
92 94
93 95
93 97
94 95
94 96
95 96
95 97
95 98
96 98
96 99
97 98
97 100
98 99
98 100
98 101
99 101
99 102
100 101
100 103
101 102
101 103
101 104
102 104
102 105
103 104
103 106
104 105
104 106
104 107
105 107
105 108
106 107
106 109
107 108
107 109
107 110
108 111
108 110
109 112
109 110
110 111
110 112
110 113
111 113
111 114
112 113
112 115
113 114
113 115
113 116
114 116
114 117
115 116
115 118
116 117
116 118
116 119
117 119
117 120
118 119
118 121
119 120
119 121
119 122
120 122
120 123
121 122
121 124
122 123
122 124
122 125
123 125
123 126
124 127
124 125
125 127
125 128
125 126
126 128
126 129
127 128
127 130
128 129
128 130
128 131
129 131
129 132
130 131
130 133
131 132
131 133
131 134
132 134
132 135
133 134
133 136
134 135
134 136
134 137
135 137
135 138
136 137
136 139
137 138
137 139
137 140
138 140
138 141
139 140
139 142
140 144
141 143
141 144
142 146
143 145
143 147
144 146
144 147
145 148
146 149
147 149
147 150
148 150
148 152
149 150
149 151
150 151
150 152
150 153
151 153
151 154
152 153
152 155
153 154
153 155
153 156
154 156
154 157
155 156
155 158
156 159
156 157
156 158
157 159
157 160
158 159
158 161
159 160
159 161
159 162
160 162
160 163
161 162
161 164
162 166
163 165
163 166
164 168
165 167
166 168
166 169
167 169
167 170
168 171
169 171
169 173
170 172
170 173
171 175
172 174
173 175
173 176
174 176
174 177
175 178
176 178
176 179
177 179
177 180
178 179
178 181
179 180
179 181
179 182
180 182
180 183
181 182
181 184
182 183
182 184
182 185
183 185
183 186
184 185
184 187
185 186
185 187
185 188
186 188
186 189
187 188
187 190
188 191
188 189
188 190
189 191
189 192
190 191
190 193
191 192
191 193
191 194
192 194
192 195
193 194
193 196
194 195
194 196
194 197
195 197
195 198
196 197
196 199
197 198
197 199
197 200
198 200
198 201
199 200
199 202
200 204
201 203
201 204
202 207
203 205
203 206
204 207
204 206
205 209
206 209
206 210
207 208
207 210
208 211
209 212
210 212
210 213
211 213
211 214
212 213
212 215
213 214
213 215
213 216
214 216
214 217
215 216
215 218
216 217
216 218
216 219
217 219
217 220
218 219
218 221
219 220
219 221
219 222
220 223
220 222
221 224
221 222
222 223
222 224
222 225
223 225
223 226
224 225
224 227
225 226
225 227
225 228
226 228
226 229
227 228
227 230
228 231
229 231
229 232
230 234
231 234
231 235
232 233
232 235
233 237
234 236
235 236
235 238
236 239
237 240
237 238
238 239
238 241
239 241
239 242
240 245
241 243
241 245
242 243
242 244
243 247
244 246
244 247
245 249
246 248
247 249
247 250
248 250
248 251
249 252
250 252
250 253
251 253
251 254
252 255
252 253
253 255
253 256
253 254
254 256
254 257
255 256
255 258
256 257
256 258
256 259
257 259
257 260
258 259
258 261
259 260
259 261
259 262
260 262
260 263
261 262
261 264
262 263
262 264
262 265
263 265
263 266
264 265
264 267
265 266
265 267
265 268
266 268
266 269
267 268
267 270
268 271
268 269
268 270
269 271
269 272
270 271
270 273
271 272
271 273
271 274
272 274
272 275
273 274
273 276
274 275
274 276
274 277
275 277
275 278
276 277
276 279
277 278
277 279
277 280
278 280
278 281
279 280
279 282
280 281
280 282
280 283
281 283
281 284
282 283
282 285
283 286
284 287
284 286
285 291
286 289
286 291
287 288
287 289
288 290
289 292
290 292
290 293
291 294
292 294
292 295
293 295
293 296
294 295
294 297
295 296
295 297
295 298
296 298
296 299
297 298
297 300
298 299
298 300
298 301
299 301
299 302
300 303
300 301
301 303
301 304
301 302
302 304
302 305
303 304
303 306
304 305
304 306
304 307
305 307
305 308
306 307
306 309
307 308
307 309
307 310
308 310
308 311
309 310
309 312
310 311
310 312
310 313
311 313
311 314
312 313
312 315
313 314
313 315
313 316
314 316
314 317
315 316
315 318
316 319
317 319
317 320
318 324
319 322
319 324
320 321
320 322
321 323
322 325
323 325
323 326
324 327
325 327
325 328
326 328
326 330
327 328
327 329
328 329
328 330
328 331
329 331
329 332
330 331
330 333
331 332
331 333
331 334
332 335
332 334
333 336
333 334
334 335
334 336
334 337
335 337
335 338
336 337
336 339
337 338
337 339
337 340
338 340
338 341
339 340
339 342
340 341
340 342
340 343
341 343
341 344
342 343
342 345
343 344
343 345
343 346
344 346
344 347
345 346
345 348
346 347
346 348
346 349
347 349
347 350
348 351
348 349
349 352
350 352
350 353
351 356
352 355
352 356
353 354
353 355
354 357
355 358
355 360
356 360
357 358
357 359
358 361
359 361
359 362
360 363
361 363
361 364
362 364
362 366
363 364
363 365
364 367
364 365
364 366
365 367
365 368
366 367
366 369
367 368
367 369
367 370
368 370
368 371
369 370
369 372
370 371
370 372
370 373
371 373
371 374
372 373
372 375
373 374
373 375
373 376
374 376
374 377
375 376
375 378
376 377
376 378
376 379
377 379
377 380
378 379
378 381
379 382
380 383
380 382
381 386
382 385
382 386
383 384
383 385
384 387
385 388
386 389
387 388
387 390
388 389
388 391
389 393
390 391
390 392
391 393
391 394
392 394
392 395
393 398
394 397
394 398
395 396
395 397
396 399
397 400
398 402
399 400
399 401
400 402
400 403
401 403
401 404
402 403
402 405
403 404
403 405
403 406
404 406
404 407
405 406
405 408
406 407
406 408
406 409
407 409
407 410
408 409
408 411
409 410
409 411
409 412
410 427
410 412
411 412
411 428
412 427
412 428
412 429
413 414
414 415
415 416
416 417
417 418
418 419
419 420
420 421
421 422
422 423
423 424
424 425
425 426
426 8
426 11
427 429
427 430
428 431
428 413
428 429
429 431
429 432
429 430
430 432
430 433
431 432
431 434
431 413
432 433
432 434
432 435
433 435
433 436
434 435
434 437
435 436
435 437
435 438
436 438
436 439
437 438
437 440
438 439
438 440
438 441
439 441
439 442
440 441
440 443
441 442
441 443
441 444
442 444
442 445
443 444
443 446
444 447
444 445
444 446
445 447
445 448
446 447
446 449
447 448
447 449
447 450
448 450
448 451
449 450
449 452
450 451
450 452
450 453
451 453
451 454
452 453
452 455
453 454
453 455
453 456
454 456
454 457
455 456
455 458
456 457
456 458
456 459
457 459
457 460
458 459
458 461
459 460
459 461
459 462
460 463
460 462
461 464
461 462
462 463
462 0
462 464
463 0
463 1
464 0
464 2

22 0.0
24 0.5
25 1.0
26 1.5
27 2.0
28 2.5
29 3.0
30 3.5
31 4.0
32 4.5
33 5.0
34 5.5
35 6.0
36 6.5
37 7.0
38 7.5
39 8.0
40 8.5
41 9.0
42 9.5
43 10.0
64 0.0
66 0.5
67 1.0
68 1.5
69 2.0
70 2.5
71 3.0
72 3.5
73 4.0
74 4.5
75 5.0
76 5.5
77 6.0
78 6.5
79 7.0
80 7.5
81 8.0
82 8.5
83 9.0
84 9.5
85 10.0
86 10.5
87 11.0
88 11.5
89 12.0
90 12.5
91 13.0
92 13.5
93 14.0
141 0.0
143 0.5
144 1.0
145 1.5
146 2.0
147 2.5
148 3.0
163 0.0
165 0.5
166 1.0
167 1.5
168 2.0
169 2.5
170 3.0
171 3.5
172 4.0
173 4.5
174 5.0
175 5.5
176 6.0
177 6.5
201 0.0
203 0.5
204 1.0
205 1.5
206 2.0
207 2.5
208 3.0
209 3.5
210 4.0
211 4.5
229 0.0
231 0.5
232 1.0
233 1.5
234 2.0
235 2.5
236 3.0
237 3.5
238 4.0
239 4.5
240 5.0
241 5.5
242 6.0
243 6.5
244 7.0
245 7.5
246 8.0
247 8.5
248 9.0
249 9.5
250 10.0
251 10.5
284 0.0
286 0.5
287 1.0
288 1.5
289 2.0
290 2.5
291 3.0
292 3.5
293 4.0
317 0.0
319 0.5
320 1.0
321 1.5
322 2.0
323 2.5
324 3.0
325 3.5
326 4.0
350 0.0
352 0.5
353 1.0
354 1.5
355 2.0
356 2.5
357 3.0
358 3.5
359 4.0
360 4.5
361 5.0
362 5.5
380 0.0
382 0.5
383 1.0
384 1.5
385 2.0
386 2.5
387 3.0
388 3.5
389 4.0
390 4.5
391 5.0
392 5.5
393 6.0
394 6.5
395 7.0
396 7.5
397 8.0
398 8.5
399 9.0
400 9.5
401 10.0
415 1.0
416 1.0
417 1.0
418 1.0
419 1.0
420 1.0
421 1.0
422 1.0
423 1.0
424 1.0

408 90.0
410 90.0
431 90.0
433 90.0
440 90.0
442 90.0
449 90.0
451 90.0
458 90.0
460 90.0
