France.png 3
0 707 653 5
1 704 632 5
2 688 658 5
3 686 639 1
4 684 620 1
5 669 646 1
6 668 627 1
7 665 608 1
8 649 632 1
9 646 612 1
10 643 594 1
11 627 619 1
12 626 601 1
13 620 580 3
14 607 606 1
15 601 587 3
16 600 571 3
17 587 596 3
18 578 563 3
19 573 575 3
20 562 589 3
21 554 559 3
22 546 573 3
23 532 561 3
24 537 587 3
25 521 575 3
26 503 567 3
27 512 596 1
28 494 585 1
29 487 603 1
30 476 577 1
31 467 594 1
32 463 610 1
33 452 583 1
34 443 604 1
35 438 621 1
36 429 594 1
37 421 611 1
38 414 629 1
39 403 601 1
40 392 622 1
41 387 641 1
42 375 615 1
43 367 636 1
44 367 656 1
45 349 632 1
46 347 652 1
47 346 674 3
48 329 650 1
49 327 671 3
50 325 692 3
51 308 668 3
52 306 684 3
53 304 704 3
54 287 679 3
55 282 697 3
56 283 711 3
57 260 688 3
58 259 702 3
59 256 717 3
60 236 691 3
61 230 717 3
62 232 705 3
63 204 714 3
64 210 686 3
65 203 699 3
66 177 702 3
67 185 676 3
68 177 688 3
69 153 690 3
70 151 672 3
71 162 662 3
72 130 673 3
73 133 654 3
74 141 644 3
75 114 656 3
76 116 636 3
77 98 637 3
78 126 629 3
79 89 615 3
80 104 609 3
81 116 600 3
82 84 589 3
83 99 583 3
84 110 575 3
85 85 563 3
86 98 559 3
87 112 552 3
88 86 542 3
89 101 537 3
90 90 520 3
91 115 532 1
92 108 516 1
93 97 498 1
94 125 512 1
95 117 491 1
96 111 473 1
97 137 491 1
98 133 471 1
99 129 452 1
100 153 469 1
101 149 451 1
102 147 432 1
103 169 452 1
104 166 432 1
105 165 412 1
106 184 434 1
107 184 415 1
108 184 396 1
109 205 416 1
110 206 396 1
111 207 377 1
112 225 401 1
113 228 379 1
114 231 361 1
115 244 387 1
116 252 367 1
117 257 349 1
118 268 373 1
119 275 357 1
120 279 339 1
121 293 364 1
122 297 346 1
123 301 330 1
124 315 353 1
125 319 336 1
126 325 319 1
127 339 345 1
128 345 327 1
129 347 310 1
130 360 337 1
131 367 318 1
132 370 302 1
133 384 324 1
134 390 308 1
135 394 292 1
136 404 318 1
137 412 299 1
138 416 280 1
139 426 307 1
140 434 290 1
141 438 272 1
142 453 296 1
143 458 278 1
144 460 261 1
145 472 287 1
146 481 269 1
147 484 251 1
148 495 278 1
149 501 261 1
150 509 243 1
151 518 270 1
152 526 251 1
153 530 234 1
154 541 259 1
155 550 239 1
156 553 222 1
157 567 249 1
158 572 231 1
159 576 215 1
160 588 240 1
161 596 221 1
162 600 204 1
163 612 230 1
164 617 212 1
165 623 194 1
166 634 217 1
167 639 204 1
168 646 185 1
169 658 210 1
170 665 192 1
171 671 176 1
172 680 201 1
173 687 184 1
174 700 167 1
175 705 196 1
176 714 180 1
177 725 163 1
178 731 193 1
179 744 176 1
180 751 160 1
181 757 190 1
182 769 173 1
183 776 157 1
184 779 186 1
185 790 171 1
186 803 155 1
187 803 184 1
188 817 169 1
189 829 154 1
190 829 186 1
191 842 169 1
192 851 154 1
193 854 180 1
194 866 167 1
195 878 152 1
196 877 182 1
197 890 165 1
198 899 150 1
199 905 178 1
200 915 163 1
201 924 149 1
202 928 178 1
203 942 162 1
204 951 146 1
205 954 177 1
206 966 159 1
207 976 146 1
208 977 173 1
209 991 158 1
210 1000 144 1
211 1002 172 1
212 1019 157 1
213 1026 141 1
214 1028 170 1
215 1039 156 1
216 1051 140 1
217 1052 167 1
218 1066 154 1
219 1076 139 1
220 1078 167 1
221 1089 153 1
222 1097 137 1
223 1104 164 1
224 1115 150 1
225 1124 136 1
226 1123 164 1
227 1136 148 1
228 1151 136 2
229 1149 163 1
230 1169 149 2
231 1177 134 2
232 1202 148 2
233 1194 164 2
234 1211 173 2
235 1180 167 2
236 1202 199 2
237 1188 190 2
238 1168 186 2
239 1180 212 2
240 1161 205 2
241 1145 198 2
242 1158 224 2
243 1140 216 2
244 1122 210 2
245 1138 233 2
246 1118 228 2
247 1114 245 2
248 1099 219 2
249 1094 231 2
250 1087 246 2
251 1077 218 2
252 1069 230 2
253 1060 243 2
254 1050 216 2
255 1042 229 2
256 1025 216 2
257 1033 243 1
258 1015 232 1
259 1005 251 1
260 997 224 1
261 992 242 1
262 984 263 1
263 972 235 1
264 969 252 1
265 961 270 1
266 950 243 1
267 944 261 1
268 938 279 1
269 927 252 1
270 920 270 1
271 914 289 1
272 905 260 1
273 899 280 1
274 891 300 1
275 882 271 1
276 874 288 1
277 870 307 1
278 858 281 1
279 852 298 1
280 849 315 1
281 836 289 1
282 829 307 1
283 825 324 1
284 815 297 1
285 808 315 1
286 800 332 1
287 791 307 1
288 785 323 1
289 782 341 1
290 768 316 1
291 764 333 1
292 759 350 1
293 746 323 1
294 741 342 1
295 736 359 1
296 726 332 1
297 716 351 1
298 715 368 1
299 703 342 1
300 697 359 1
301 691 376 1
302 680 349 1
303 674 366 1
304 669 385 3
305 659 358 1
306 650 375 3
307 632 368 3
308 643 396 3
309 629 383 3
310 613 403 3
311 602 375 3
312 594 388 3
313 578 401 3
314 571 370 3
315 561 380 3
316 547 389 3
317 547 357 3
318 537 370 3
319 523 350 3
320 525 380 3
321 511 364 3
322 497 351 3
323 499 376 3
324 486 364 3
325 466 351 3
326 475 380 1
327 458 369 1
328 442 358 1
329 452 385 1
330 435 378 1
331 420 366 1
332 431 394 1
333 413 387 1
334 395 376 1
335 405 404 1
336 389 397 1
337 371 388 1
338 385 414 1
339 365 409 1
340 346 402 1
341 364 428 1
342 342 424 1
343 323 419 1
344 341 443 1
345 319 441 1
346 298 437 1
347 315 461 1
348 295 459 1
349 275 460 1
350 296 481 1
351 275 483 1
352 260 482 3
353 282 500 1
354 252 512 3
355 265 514 3
356 253 540 3
357 281 533 3
358 269 540 3
359 266 564 3
360 290 563 3
361 290 578 3
362 297 552 3
363 323 582 3
364 323 563 3
365 350 567 3
366 329 544 3
367 348 550 3
368 371 548 3
369 347 527 1
370 369 531 1
371 370 510 1
372 387 531 1
373 387 511 1
374 389 492 1
375 406 517 1
376 409 495 1
377 412 475 1
378 426 501 1
379 431 483 1
380 442 465 1
381 449 492 1
382 458 476 1
383 471 460 1
384 472 490 1
385 483 476 1
386 503 461 1
387 498 491 1
388 513 477 1
389 527 461 1
390 528 489 1
391 540 475 1
392 556 461 1
393 558 492 1
394 570 477 1
395 582 461 1
396 584 489 1
397 600 474 1
398 611 460 1
399 617 487 1
400 626 471 1
401 635 454 1
402 648 481 1
403 655 463 1
404 661 447 1
405 672 474 1
406 677 456 1
407 682 439 1
408 695 467 1
409 700 449 1
410 708 430 1
411 718 457 1
412 720 441 1
413 727 421 1
414 740 446 1
415 745 431 1
416 747 412 1
417 765 439 1
418 767 423 1
419 774 404 1
420 783 430 1
421 789 411 1
422 795 393 1
423 805 422 1
424 810 403 1
425 819 386 1
426 828 414 1
427 837 393 1
428 840 375 1
429 852 402 1
430 858 387 1
431 862 367 1
432 875 395 1
433 879 378 1
434 885 359 1
435 898 387 1
436 901 369 1
437 908 350 1
438 921 377 1
439 924 360 1
440 930 342 1
441 943 369 1
442 947 351 1
443 954 332 3
444 965 358 1
445 975 340 3
446 989 350 3
447 982 322 3
448 1002 334 3
449 1015 322 3
450 1018 350 3
451 1028 337 3
452 1039 327 3
453 1043 357 3
454 1055 348 3
455 1066 337 3
456 1072 365 3
457 1085 353 3
458 1099 368 3
459 1097 342 3
460 1114 352 3
461 1131 363 3
462 1120 337 3
463 1142 346 3
464 1156 354 3
465 1143 331 1
466 1162 338 1
467 1167 320 1
468 1180 345 1
469 1185 328 1
470 1187 308 1
471 1203 331 1
472 1209 313 1
473 1209 296 1
474 1229 317 1
475 1231 296 1
476 1233 277 3
477 1248 301 1
478 1258 283 3
479 1257 265 3
480 1279 291 3
481 1286 260 3
482 1283 276 3
483 1310 265 3
484 1314 279 3
485 1331 276 3
486 1308 295 3
487 1332 295 3
488 1346 290 3
489 1345 313 3
490 1359 313 3
491 1328 312 3
492 1362 334 3
493 1348 337 3
494 1333 341 3
495 1359 360 3
496 1342 362 3
497 1348 381 3
498 1324 368 1
499 1330 387 1
500 1335 404 1
501 1310 390 1
502 1318 409 1
503 1323 424 1
504 1297 411 1
505 1303 430 1
506 1309 445 1
507 1284 429 1
508 1290 449 1
509 1298 466 1
510 1272 451 1
511 1278 469 1
512 1284 486 1
513 1259 473 1
514 1264 491 1
515 1273 508 1
516 1247 492 1
517 1253 510 1
518 1255 531 1
519 1235 514 1
520 1240 530 1
521 1244 552 1
522 1221 533 1
523 1226 551 1
524 1234 571 1
525 1209 556 1
526 1214 573 1
527 1220 591 1
528 1198 574 1
529 1204 596 1
530 1209 613 1
531 1185 594 1
532 1190 612 1
533 1195 634 1
534 1169 616 1
535 1176 636 1
536 1178 653 1
537 1157 638 1
538 1163 656 1
539 1168 672 1
540 1142 662 1
541 1150 677 1
542 1155 694 1
543 1128 682 1
544 1138 696 1
545 1143 716 2
546 1118 697 1
547 1121 724 2
548 1126 740 2
549 1103 715 2
550 1092 742 2
551 1094 729 2
552 1074 709 2
553 1064 723 2
554 1048 715 2
555 1064 738 2
556 1032 732 2
557 1043 743 2
558 1053 763 2
559 1027 760 2
560 1043 775 2
561 1054 789 2
562 1027 788 2
563 1041 804 2
564 1055 812 2
565 1043 841 2
566 1035 831 2
567 1014 851 2
568 1025 820 2
569 1003 831 2
570 983 837 2
571 997 813 1
572 977 816 1
573 925 822 7
574 880 795 7
575 900 807 7
576 860 781 7
577 840 769 7
578 817 755 7
579 796 742 7
580 776 731 7
581 755 719 7
582 733 706 7
583 714 695 7
584 690 680 7
585 672 670 7
586 641 649 7
587 977 799 1
588 959 824 1
589 958 805 1
590 956 785 1
591 940 810 1
592 938 790 1
593 935 775 1
594 919 797 1
595 917 777 1
596 918 762 1
597 899 784 1
598 897 765 1
599 895 748 1
600 879 771 1
601 876 753 1
602 874 736 1
603 859 761 1
604 853 739 1
605 853 722 1
606 834 746 1
607 833 727 1
608 832 710 1
609 817 734 1
610 813 716 1
611 810 696 1
612 794 722 1
613 792 702 1
614 790 683 1
615 774 709 1
616 769 690 1
617 768 670 1
618 752 696 1
619 750 676 1
620 746 658 1
621 729 684 1
622 729 665 1
623 726 646 1
624 709 672 1

0 1
0 2
0 3
1 3
1 4
2 3
2 5
3 4
3 5
3 6
4 6
4 7
5 6
5 8
6 7
6 8
6 9
7 9
7 10
8 9
8 11
9 10
9 11
9 12
10 12
10 13
11 12
11 14
12 15
13 15
13 16
14 17
15 17
15 19
16 18
16 19
17 19
17 20
18 21
19 20
19 22
20 24
21 22
21 23
22 24
22 25
23 25
23 26
24 27
25 27
25 28
26 28
26 30
27 28
27 29
28 31
28 29
28 30
29 31
29 32
30 31
30 33
31 32
31 33
31 34
32 34
32 35
33 34
33 36
34 35
34 36
34 37
35 37
35 38
36 37
36 39
37 38
37 39
37 40
38 40
38 41
39 40
39 42
40 41
40 42
40 43
41 43
41 44
42 43
42 45
43 44
43 45
43 46
44 47
44 46
45 48
45 46
46 49
47 49
47 50
48 51
49 51
49 52
50 52
50 53
51 54
52 54
52 55
53 55
53 56
54 57
55 57
55 58
56 58
56 59
57 60
58 60
58 62
59 61
59 62
60 64
61 63
62 64
62 65
63 65
63 66
64 67
65 67
65 68
66 68
66 69
67 71
68 70
68 71
69 70
69 72
70 73
71 74
72 73
72 75
73 74
73 76
74 78
75 76
75 77
76 80
76 78
77 79
77 80
78 81
79 82
80 81
80 83
81 84
82 83
82 85
83 84
83 86
84 87
85 86
85 88
86 87
86 89
87 91
88 89
88 90
89 91
89 92
90 92
90 93
91 92
91 94
92 95
92 93
92 94
93 95
93 96
94 95
94 97
95 96
95 97
95 98
96 98
96 99
97 98
97 100
98 99
98 100
98 101
99 101
99 102
100 101
100 103
101 102
101 103
101 104
102 104
102 105
103 104
103 106
104 105
104 106
104 107
105 107
105 108
106 107
106 109
107 108
107 109
107 110
108 111
108 110
109 112
109 110
110 111
110 112
110 113
111 113
111 114
112 113
112 115
113 114
113 115
113 116
114 116
114 117
115 116
115 118
116 117
116 118
116 119
117 119
117 120
118 119
118 121
119 120
119 121
119 122
120 122
120 123
121 122
121 124
122 123
122 124
122 125
123 125
123 126
124 127
124 125
125 127
125 128
125 126
126 128
126 129
127 128
127 130
128 129
128 130
128 131
129 131
129 132
130 131
130 133
131 132
131 133
131 134
132 134
132 135
133 134
133 136
134 135
134 136
134 137
135 137
135 138
136 137
136 139
137 138
137 139
137 140
138 140
138 141
139 140
139 142
140 143
140 141
140 142
141 143
141 144
142 143
142 145
143 144
143 145
143 146
144 146
144 147
145 146
145 148
146 147
146 148
146 149
147 149
147 150
148 149
148 151
149 150
149 151
149 152
150 152
150 153
151 152
151 154
152 153
152 154
152 155
153 155
153 156
154 155
154 157
155 156
155 157
155 158
156 159
156 158
157 160
157 158
158 159
158 160
158 161
159 161
159 162
160 161
160 163
161 162
161 163
161 164
162 164
162 165
163 164
163 166
164 165
164 166
164 167
165 167
165 168
166 167
166 169
167 168
167 169
167 170
168 170
168 171
169 170
169 172
170 171
170 172
170 173
171 173
171 174
172 175
172 173
173 175
173 176
173 174
174 176
174 177
175 176
175 178
176 177
176 178
176 179
177 179
177 180
178 179
178 181
179 180
179 181
179 182
180 182
180 183
181 182
181 184
182 183
182 184
182 185
183 185
183 186
184 185
184 187
185 186
185 187
185 188
186 188
186 189
187 188
187 190
188 191
188 189
188 190
189 191
189 192
190 191
190 193
191 192
191 193
191 194
192 194
192 195
193 194
193 196
194 195
194 196
194 197
195 197
195 198
196 197
196 199
197 198
197 199
197 200
198 200
198 201
199 200
199 202
200 201
200 202
200 203
201 203
201 204
202 203
202 205
203 204
203 205
203 206
204 207
204 206
205 208
205 206
206 207
206 208
206 209
207 209
207 210
208 209
208 211
209 210
209 211
209 212
210 212
210 213
211 212
211 214
212 213
212 214
212 215
213 215
213 216
214 215
214 217
215 216
215 217
215 218
216 218
216 219
217 218
217 220
218 219
218 220
218 221
219 221
219 222
220 223
220 221
221 223
221 224
221 222
222 224
222 225
223 224
223 226
224 225
224 226
224 227
225 227
225 228
226 227
226 229
227 230
228 230
228 231
229 235
230 233
230 235
231 232
232 233
232 234
233 237
234 236
234 237
235 238
236 239
237 240
237 238
238 241
239 240
239 242
240 241
240 243
241 244
242 243
242 245
243 244
243 246
244 248
245 246
245 247
246 249
247 249
247 250
248 251
249 251
249 252
250 252
250 253
251 252
251 254
252 255
252 253
253 257
254 255
254 256
255 257
255 258
256 258
256 260
257 258
257 259
258 259
258 260
258 261
259 261
259 262
260 261
260 263
261 262
261 263
261 264
262 264
262 265
263 264
263 266
264 265
264 266
264 267
265 267
265 268
266 267
266 269
267 268
267 269
267 270
268 271
268 270
269 272
269 270
270 271
270 272
270 273
271 273
271 274
272 273
272 275
273 274
273 275
273 276
274 276
274 277
275 276
275 278
276 277
276 278
276 279
277 279
277 280
278 279
278 281
279 280
279 281
279 282
280 282
280 283
281 282
281 284
282 283
282 284
282 285
283 285
283 286
284 287
284 285
285 287
285 288
285 286
286 288
286 289
287 288
287 290
288 289
288 290
288 291
289 291
289 292
290 291
290 293
291 292
291 293
291 294
292 294
292 295
293 294
293 296
294 295
294 296
294 297
295 297
295 298
296 297
296 299
297 298
297 299
297 300
298 300
298 301
299 300
299 302
300 303
300 301
300 302
301 303
301 304
302 303
302 305
303 306
304 306
304 308
305 307
306 307
306 309
307 311
308 309
308 310
309 311
309 312
310 312
310 313
311 314
312 314
312 315
313 315
313 316
314 315
314 317
315 316
315 318
316 320
317 319
317 318
318 320
318 321
319 321
319 322
320 323
321 323
321 324
322 324
322 325
323 326
324 326
324 327
325 327
325 328
326 327
326 329
327 328
327 329
327 330
328 330
328 331
329 330
329 332
330 331
330 332
330 333
331 333
331 334
332 335
332 333
333 335
333 336
333 334
334 336
334 337
335 336
335 338
336 337
336 338
336 339
337 339
337 340
338 339
338 341
339 340
339 341
339 342
340 342
340 343
341 342
341 344
342 343
342 344
342 345
343 345
343 346
344 345
344 347
345 346
345 347
345 348
346 348
346 349
347 348
347 350
348 351
348 349
348 350
349 351
349 352
350 351
350 353
351 355
352 354
352 355
353 357
354 356
355 357
355 358
356 358
356 359
357 362
358 360
358 362
359 360
359 361
360 364
361 363
361 364
362 366
363 365
364 367
364 366
365 367
365 368
366 369
367 369
367 370
368 370
368 372
369 370
369 371
370 371
370 372
370 373
371 373
371 374
372 373
372 375
373 374
373 375
373 376
374 376
374 377
375 376
375 378
376 377
376 378
376 379
377 379
377 380
378 379
378 381
379 380
379 381
379 382
380 383
380 382
381 384
381 382
382 383
382 384
382 385
383 385
383 386
384 385
384 387
385 386
385 387
385 388
386 388
386 389
387 388
387 390
388 389
388 390
388 391
389 391
389 392
390 391
390 393
391 392
391 393
391 394
392 394
392 395
393 394
393 396
394 395
394 396
394 397
395 397
395 398
396 399
396 397
397 399
397 400
397 398
398 400
398 401
399 400
399 402
400 401
400 402
400 403
401 403
401 404
402 403
402 405
403 404
403 405
403 406
404 406
404 407
405 406
405 408
406 407
406 408
406 409
407 409
407 410
408 409
408 411
409 410
409 411
409 412
410 412
410 413
411 412
411 414
412 415
412 413
412 414
413 415
413 416
414 415
414 417
415 416
415 417
415 418
416 418
416 419
417 418
417 420
418 419
418 420
418 421
419 421
419 422
420 421
420 423
421 422
421 423
421 424
422 424
422 425
423 424
423 426
424 425
424 426
424 427
425 427
425 428
426 427
426 429
427 428
427 429
427 430
428 431
428 430
429 432
429 430
430 431
430 432
430 433
431 433
431 434
432 433
432 435
433 434
433 435
433 436
434 436
434 437
435 436
435 438
436 437
436 438
436 439
437 439
437 440
438 439
438 441
439 440
439 441
439 442
440 442
440 443
441 442
441 444
442 445
443 447
443 445
444 446
445 448
445 446
446 450
447 448
447 449
448 450
448 451
449 451
449 452
450 453
451 453
451 454
452 454
452 455
453 454
453 456
454 456
454 457
455 457
455 459
456 457
456 458
457 459
457 460
458 460
458 461
459 462
460 463
460 462
461 463
461 464
462 465
463 466
464 466
464 468
465 466
465 467
466 467
466 468
466 469
467 469
467 470
468 469
468 471
469 470
469 471
469 472
470 472
470 473
471 472
471 474
472 473
472 474
472 475
473 475
473 476
474 477
475 478
476 479
476 478
477 480
478 480
478 482
479 481
479 482
480 486
481 483
482 484
482 486
483 484
483 485
484 487
485 487
485 488
486 491
487 489
487 491
488 489
488 490
489 493
490 492
490 493
491 494
492 495
493 496
493 494
494 498
495 496
495 497
496 498
496 499
497 499
497 500
498 499
498 501
499 500
499 501
499 502
500 502
500 503
501 502
501 504
502 503
502 504
502 505
503 505
503 506
504 505
504 507
505 506
505 507
505 508
506 508
506 509
507 508
507 510
508 511
508 509
508 510
509 511
509 512
510 511
510 513
511 512
511 513
511 514
512 514
512 515
513 514
513 516
514 515
514 516
514 517
515 517
515 518
516 517
516 519
517 518
517 519
517 520
518 520
518 521
519 520
519 522
520 521
520 522
520 523
521 523
521 524
522 523
522 525
523 524
523 525
523 526
524 527
524 526
525 528
525 526
526 527
526 528
526 529
527 529
527 530
528 529
528 531
529 530
529 531
529 532
530 532
530 533
531 532
531 534
532 533
532 534
532 535
533 535
533 536
534 535
534 537
535 536
535 537
535 538
536 538
536 539
537 538
537 540
538 539
538 540
538 541
539 541
539 542
540 543
540 541
541 543
541 544
541 542
542 544
542 545
543 544
543 546
544 547
545 547
545 548
546 549
547 549
547 551
548 550
548 551
549 551
549 552
550 555
551 553
551 555
552 553
552 554
553 557
554 556
554 557
555 558
556 559
557 560
557 558
558 561
559 560
559 562
560 561
560 563
561 563
561 564
562 563
562 568
563 566
563 568
564 565
564 566
565 567
566 569
567 569
567 570
568 571
569 571
569 572
570 588
570 572
571 587
571 572
572 587
572 588
572 589
573 575
574 576
575 574
576 577
577 578
578 579
579 580
580 581
581 582
582 583
583 584
584 585
585 586
586 8
586 11
587 589
587 590
588 591
588 573
588 589
589 591
589 592
589 590
590 592
590 593
591 592
591 594
591 573
592 593
592 594
592 595
593 595
593 596
594 595
594 597
595 596
595 597
595 598
596 598
596 599
597 598
597 600
598 599
598 600
598 601
599 601
599 602
600 601
600 603
601 602
601 603
601 604
602 604
602 605
603 604
603 606
604 607
604 605
604 606
605 607
605 608
606 607
606 609
607 608
607 609
607 610
608 610
608 611
609 610
609 612
610 611
610 612
610 613
611 613
611 614
612 613
612 615
613 614
613 615
613 616
614 616
614 617
615 616
615 618
616 617
616 618
616 619
617 619
617 620
618 619
618 621
619 620
619 621
619 622
620 623
620 622
621 624
621 622
622 623
622 0
622 624
623 0
623 1
624 0
624 2

13 0.0
15 0.5
16 1.0
17 1.0
18 1.4
19 1.5
20 2.0
21 2.4
22 2.5
23 3.0
24 3.0
25 3.5
26 4.0
47 0.0
49 0.5
50 1.0
51 1.5
52 2.0
53 2.5
54 3.0
55 3.5
56 4.0
57 4.5
58 5.0
59 5.5
60 6.0
61 6.5
62 7.0
63 7.5
64 8.0
65 8.5
66 9.0
67 9.5
68 10.0
69 10.5
70 11.0
71 11.5
72 12.0
73 12.5
74 13.0
75 13.5
76 14.0
77 14.5
78 14.5
79 15.0
80 15.5
81 16.0
82 16.5
83 17.0
84 17.5
85 18.0
86 18.5
87 19.0
88 19.5
89 20.0
90 20.5
228 0.0
230 0.5
231 1.0
232 1.5
233 2.0
234 2.5
235 3.0
236 3.5
237 4.0
238 4.5
239 4.5
240 5.0
241 5.5
242 5.5
243 6.0
244 6.5
245 6.5
246 7.0
247 7.5
248 8.0
249 8.5
250 9.0
251 9.5
252 10.0
253 10.5
254 11.0
255 11.5
256 12.0
304 0.0
306 0.5
307 1.0
308 1.0
309 1.5
310 1.7
311 2.0
312 2.5
313 2.7
314 3.0
315 3.5
316 3.7
317 4.0
318 4.5
319 5.0
320 5.0
321 5.5
322 6.0
323 6.0
324 6.5
325 7.0
352 0.0
354 0.5
355 1.0
356 1.5
357 1.5
358 2.0
359 2.5
360 3.0
361 3.5
362 4.0
363 4.5
364 5.0
365 5.5
366 5.5
367 6.0
368 6.5
443 0.0
445 0.5
446 1.0
447 1.0
448 1.5
449 1.7
450 2.0
451 2.5
452 2.7
453 3.0
454 3.5
455 3.7
456 4.0
457 4.5
458 5.0
459 5.0
460 5.5
461 6.0
462 6.0
463 6.5
464 7.0
476 0.0
478 0.5
479 1.0
480 1.4
481 1.5
482 1.6
483 2.0
484 2.5
485 3.0
486 3.0
487 3.5
488 4.0
489 4.3
490 4.4
491 4.5
492 5.0
493 5.2
494 5.5
495 5.7
496 6.0
497 6.5
545 0.0
547 0.5
548 1.0
549 1.5
550 1.5
551 2.0
552 2.5
553 3.0
554 3.5
555 4.0
556 4.0
557 4.5
558 5.0
559 5.0
560 5.5
561 6.0
562 6.0
563 6.5
564 7.0
565 7.5
566 8.0
567 8.5
568 8.5
569 9.0
570 9.5
576 1.0
577 1.0
578 1.0
579 1.0
580 1.0
581 1.0
582 1.0
583 1.0
584 1.0
585 1.0

567 200.0
571 200.0
591 200.0
593 200.0
600 200.0
602 200.0
609 200.0
611 200.0
618 200.0
620 200.0
