hockenheimOld.png 0
0 171 205 1 F
1 160 189 1 F
2 189 199 1 F
3 180 181 1
4 170 162 1
5 198 174 1
6 188 159 1
7 179 141 3
8 205 153 1
9 197 135 3
10 189 120 3
11 217 128 3
12 207 97 3
13 217 109 3
14 233 84 3
15 236 113 3
16 248 96 3
17 260 80 3
18 262 109 1
19 273 93 1
20 284 76 1
21 288 106 1
22 299 91 1
23 311 75 1
24 312 104 1
25 323 89 1
26 335 73 1
27 337 103 1
28 349 86 1
29 361 71 1
30 362 100 1
31 372 84 1
32 385 70 1
33 386 98 1
34 398 83 1
35 408 68 1
36 410 96 1
37 422 81 1
38 433 65 1
39 435 94 1
40 447 79 1
41 458 63 1
42 460 92 1
43 472 78 1
44 483 61 1
45 484 90 1
46 497 76 1
47 508 60 1
48 508 88 1
49 519 74 1
50 530 58 1
51 532 88 1
52 545 71 1
53 556 57 1
54 557 86 1
55 569 70 1
56 579 55 1
57 580 86 1
58 593 70 1
59 603 57 1
60 604 86 1
61 615 73 1
62 627 59 1
63 629 89 1
64 641 74 1
65 654 60 1
66 651 90 1
67 665 76 1
68 677 63 1
69 676 92 1
70 689 78 1
71 702 67 1
72 699 97 1
73 714 82 1
74 728 70 1
75 722 98 1
76 736 86 1
77 750 75 1
78 748 104 1
79 760 92 1
80 774 81 1
81 769 109 1
82 784 98 1
83 798 87 1
84 792 115 1
85 806 104 1
86 824 94 1
87 813 123 1
88 828 111 1
89 844 101 1
90 832 129 1
91 848 118 1
92 868 112 2
93 855 137 1
94 874 133 2
95 890 121 2
96 877 149 2
97 893 146 2
98 912 139 2
99 895 164 2
100 911 169 2
101 924 163 2
102 901 192 2
103 915 216 2
104 924 204 2
105 942 227 2
106 935 196 2
107 957 215 2
108 971 203 2
109 972 231 2
110 982 219 2
111 996 204 2
112 997 232 2
113 1008 220 2
114 1021 206 2
115 1018 236 2
116 1031 223 2
117 1050 210 2
118 1041 237 2
119 1056 228 2
120 1077 223 2
121 1062 249 1
122 1080 242 1
123 1098 236 1
124 1084 259 1
125 1102 258 1
126 1118 253 1
127 1100 275 1
128 1117 272 1
129 1136 269 1
130 1116 289 1
131 1135 291 1
132 1153 287 1
133 1134 307 1
134 1153 306 1
135 1170 305 1
136 1150 324 1
137 1167 322 1
138 1186 320 1
139 1165 341 1
140 1183 340 1
141 1202 339 1
142 1180 357 1
143 1200 359 1
144 1219 361 1
145 1197 378 1
146 1213 378 1
147 1234 380 1
148 1212 396 1
149 1230 395 1
150 1246 401 1
151 1224 415 1
152 1242 416 1
153 1261 421 1
154 1236 435 1
155 1254 435 1
156 1273 440 1
157 1248 455 1
158 1267 456 1
159 1286 462 1
160 1260 475 1
161 1279 475 1
162 1298 483 1
163 1272 495 1
164 1289 499 1
165 1309 506 1
166 1283 515 1
167 1301 522 1
168 1316 526 1
169 1292 538 1
170 1308 542 1
171 1323 547 1
172 1298 557 1
173 1314 562 1
174 1332 570 6
175 1303 577 1
176 1320 584 6
177 1336 592 6
178 1323 608 6
179 1336 617 6
180 1308 605 6
181 1317 635 6
182 1303 634 6
183 1331 649 6
184 1305 667 6
185 1321 664 6
186 1344 676 6
187 1334 683 6
188 1322 691 6
189 1358 694 6
190 1349 711 6
191 1337 715 6
192 1369 716 6
193 1359 735 6
194 1373 736 6
195 1347 743 6
196 1362 754 6
197 1374 761 6
198 1348 768 6
199 1361 777 6
200 1373 784 6
201 1355 800 6
202 1365 808 6
203 1342 794 6
204 1357 830 6
205 1344 819 6
206 1332 816 6
207 1341 850 6
208 1331 837 6
209 1314 836 6
210 1326 864 6
211 1314 857 6
212 1307 878 6
213 1295 850 6
214 1295 866 6
215 1282 888 6
216 1274 875 6
217 1271 861 6
218 1261 892 6
219 1249 879 6
220 1235 892 6
221 1246 866 6
222 1227 876 6
223 1213 887 6
224 1222 862 6
225 1205 870 6
226 1190 880 6
227 1202 854 1
228 1184 863 1
229 1181 842 1
230 1167 871 1
231 1163 851 1
232 1160 830 1
233 1146 859 1
234 1142 839 1
235 1139 818 1
236 1125 846 1
237 1121 827 1
238 1118 806 1
239 1104 834 1
240 1099 814 1
241 1097 794 1
242 1082 821 1
243 1078 802 1
244 1076 782 1
245 1061 809 1
246 1057 790 1
247 1055 770 1
248 1040 796 1
249 1036 778 1
250 1033 758 1
251 1019 784 1
252 1014 765 1
253 1012 746 1
254 997 771 1
255 993 753 1
256 991 734 1
257 976 758 1
258 972 741 1
259 970 722 1
260 955 746 1
261 951 729 1
262 949 710 1
263 934 733 1
264 929 716 1
265 928 698 1
266 912 721 1
267 908 704 1
268 907 686 1
269 891 708 1
270 887 692 1
271 886 674 1
272 870 696 1
273 866 680 1
274 864 661 1
275 849 683 1
276 844 667 1
277 844 649 3
278 827 670 1
279 826 654 3
280 806 662 3
281 820 635 3
282 797 640 3
283 787 626 3
284 783 653 3
285 768 639 3
286 753 627 3
287 760 655 3
288 739 642 3
289 733 656 3
290 729 628 3
291 708 651 3
292 712 636 3
293 705 618 3
294 686 642 3
295 687 623 3
296 678 604 3
297 668 625 3
298 661 610 3
299 654 588 3
300 646 615 3
301 636 597 3
302 627 580 3
303 619 607 1
304 610 590 1
305 595 603 1
306 601 573 1
307 587 584 1
308 571 598 1
309 578 569 1
310 563 580 1
311 547 593 1
312 554 564 1
313 539 575 1
314 523 588 1
315 530 559 1
316 515 570 1
317 499 583 1
318 507 554 1
319 491 565 1
320 475 579 1
321 483 549 1
322 468 560 1
323 451 574 1
324 459 545 1
325 444 556 1
326 427 569 1
327 436 540 1
328 420 552 1
329 403 564 1
330 412 535 1
331 396 547 1
332 379 559 1
333 388 530 1
334 372 542 1
335 356 554 3
336 364 525 1
337 349 536 3
338 335 545 3
339 317 530 3
340 328 523 3
341 312 509 3
342 340 514 3
343 323 500 3
344 309 486 3
345 338 484 1
346 322 474 1
347 338 460 1
348 307 458 1
349 322 450 1
350 338 436 1
351 307 435 1
352 322 426 1
353 338 412 1
354 307 411 1
355 322 401 1
356 338 388 1
357 307 387 1
358 322 377 1
359 337 364 1
360 307 363 1
361 321 352 1
362 336 341 3
363 307 339 1
364 333 318 3
365 320 320 3
366 320 291 3
367 302 311 3
368 304 300 3
369 294 280 3
370 267 286 3
371 271 298 3
372 247 299 3
373 278 312 3
374 257 317 3
375 239 321 3
376 268 331 1
377 247 342 1
378 260 355 1
379 231 352 1
380 245 368 1
381 261 380 1
382 231 381 1
383 245 392 1
384 257 411 1
385 227 404 1
386 238 420 1
387 248 440 1
388 221 427 1
389 232 442 1
390 239 464 3
391 213 448 1
392 222 471 3
393 228 486 3
394 202 508 3
395 200 492 3
396 169 508 3
397 192 479 3
398 167 489 3
399 136 443 7
400 127 420 7
401 137 395 7
402 147 370 7
403 156 347 7
404 162 326 7
405 172 305 7
406 179 284 7
407 189 258 7
408 197 236 7
409 205 215 7
410 215 186 7
411 146 496 3
412 159 472 1
413 141 477 1
414 122 483 1
415 135 460 1
416 113 463 1
417 90 458 1
418 115 445 1
419 97 438 1
420 79 422 1
421 108 423 1
422 95 405 1
423 87 387 1
424 113 396 1
425 104 380 1
426 94 363 1
427 121 374 1
428 112 358 1
429 103 343 1
430 130 352 1
431 121 336 1
432 112 320 1
433 138 329 1
434 129 313 1
435 120 297 1
436 148 308 1
437 138 291 1
438 129 275 1
439 157 286 1
440 146 268 1
441 137 253 1
442 164 263 1
443 155 246 1
444 146 230 1
445 175 241 1
446 163 226 1
447 155 209 1
448 181 218 1

0 1
0 2
0 3
1 3
1 4
2 3
2 5
3 4
3 5
3 6
4 6
4 7
5 6
5 8
6 9
7 9
7 10
8 11
9 11
9 13
10 12
10 13
11 15
12 14
13 15
13 16
14 16
14 17
15 18
16 18
16 19
17 19
17 20
18 19
18 21
19 20
19 21
19 22
20 22
20 23
21 22
21 24
22 23
22 24
22 25
23 25
23 26
24 25
24 27
25 26
25 27
25 28
26 28
26 29
27 28
27 30
28 31
28 29
28 30
29 31
29 32
30 31
30 33
31 32
31 33
31 34
32 34
32 35
33 34
33 36
34 35
34 36
34 37
35 37
35 38
36 37
36 39
37 38
37 39
37 40
38 40
38 41
39 40
39 42
40 41
40 42
40 43
41 43
41 44
42 43
42 45
43 44
43 45
43 46
44 47
44 46
45 48
45 46
46 47
46 48
46 49
47 49
47 50
48 49
48 51
49 50
49 51
49 52
50 52
50 53
51 52
51 54
52 53
52 54
52 55
53 55
53 56
54 55
54 57
55 56
55 57
55 58
56 58
56 59
57 58
57 60
58 59
58 60
58 61
59 61
59 62
60 63
60 61
61 63
61 64
61 62
62 64
62 65
63 64
63 66
64 65
64 66
64 67
65 67
65 68
66 67
66 69
67 68
67 69
67 70
68 70
68 71
69 70
69 72
70 71
70 72
70 73
71 73
71 74
72 73
72 75
73 74
73 75
73 76
74 76
74 77
75 76
75 78
76 79
76 77
76 78
77 79
77 80
78 79
78 81
79 80
79 81
79 82
80 82
80 83
81 82
81 84
82 83
82 84
82 85
83 85
83 86
84 85
84 87
85 86
85 87
85 88
86 88
86 89
87 88
87 90
88 89
88 90
88 91
89 92
90 91
90 93
91 94
92 95
92 94
93 96
94 96
94 97
95 97
95 98
96 99
97 99
97 100
98 100
98 101
99 100
99 102
100 104
100 106
101 106
102 103
102 104
103 105
104 107
105 107
105 109
106 108
107 108
107 110
108 111
109 112
109 110
110 111
110 113
111 113
111 114
112 113
112 115
113 115
113 116
114 116
114 117
115 118
116 118
116 119
117 119
117 120
118 121
119 121
119 122
120 122
120 123
121 122
121 124
122 123
122 124
122 125
123 125
123 126
124 127
124 125
125 127
125 128
125 126
126 128
126 129
127 128
127 130
128 129
128 130
128 131
129 131
129 132
130 131
130 133
131 132
131 133
131 134
132 134
132 135
133 134
133 136
134 135
134 136
134 137
135 137
135 138
136 137
136 139
137 138
137 139
137 140
138 140
138 141
139 140
139 142
140 143
140 141
140 142
141 143
141 144
142 143
142 145
143 144
143 145
143 146
144 146
144 147
145 146
145 148
146 147
146 148
146 149
147 149
147 150
148 149
148 151
149 150
149 151
149 152
150 152
150 153
151 152
151 154
152 153
152 154
152 155
153 155
153 156
154 155
154 157
155 156
155 157
155 158
156 159
156 158
157 160
157 158
158 159
158 160
158 161
159 161
159 162
160 161
160 163
161 162
161 163
161 164
162 164
162 165
163 164
163 166
164 165
164 166
164 167
165 167
165 168
166 167
166 169
167 168
167 169
167 170
168 170
168 171
169 170
169 172
170 171
170 172
170 173
171 173
171 174
172 175
172 173
173 176
174 176
174 177
175 180
176 178
176 180
177 178
177 179
178 181
179 181
179 183
180 181
180 182
181 183
181 185
182 184
182 185
183 186
184 188
185 186
185 187
186 187
186 189
187 191
187 190
188 191
189 192
189 190
190 193
191 195
192 193
192 194
193 195
193 196
194 196
194 197
195 198
196 198
196 199
197 199
197 200
198 203
199 201
199 203
200 201
200 202
201 205
202 204
202 205
203 206
204 207
204 208
205 208
205 206
206 209
207 210
208 209
208 211
209 213
210 211
210 212
211 213
211 214
212 214
212 215
213 217
214 216
214 217
215 216
215 218
216 219
217 221
218 219
218 220
219 221
219 222
220 223
220 222
221 224
222 224
222 225
223 225
223 226
224 227
225 227
225 228
226 228
226 230
227 228
227 229
228 229
228 230
228 231
229 231
229 232
230 231
230 233
231 232
231 233
231 234
232 234
232 235
233 234
233 236
234 235
234 236
234 237
235 237
235 238
236 239
236 237
237 239
237 240
237 238
238 240
238 241
239 240
239 242
240 241
240 242
240 243
241 243
241 244
242 243
242 245
243 244
243 245
243 246
244 246
244 247
245 246
245 248
246 247
246 248
246 249
247 249
247 250
248 249
248 251
249 250
249 251
249 252
250 252
250 253
251 252
251 254
252 255
252 253
252 254
253 255
253 256
254 255
254 257
255 256
255 257
255 258
256 258
256 259
257 258
257 260
258 259
258 260
258 261
259 261
259 262
260 261
260 263
261 262
261 263
261 264
262 264
262 265
263 264
263 266
264 265
264 266
264 267
265 267
265 268
266 267
266 269
267 268
267 269
267 270
268 271
268 270
269 272
269 270
270 271
270 272
270 273
271 273
271 274
272 273
272 275
273 274
273 275
273 276
274 277
275 276
275 278
276 279
277 279
277 281
278 280
279 280
279 282
280 284
281 282
281 283
282 284
282 285
283 285
283 286
284 287
285 287
285 288
286 288
286 290
287 288
287 289
288 290
288 292
289 291
289 292
290 293
291 294
292 293
292 295
293 296
294 295
294 297
295 296
295 298
296 298
296 299
297 298
297 300
298 300
298 301
299 301
299 302
300 303
301 303
301 304
302 304
302 306
303 304
303 305
304 305
304 306
304 307
305 307
305 308
306 307
306 309
307 308
307 309
307 310
308 310
308 311
309 310
309 312
310 311
310 312
310 313
311 313
311 314
312 313
312 315
313 314
313 315
313 316
314 316
314 317
315 316
315 318
316 319
316 317
316 318
317 319
317 320
318 319
318 321
319 320
319 321
319 322
320 322
320 323
321 322
321 324
322 323
322 324
322 325
323 325
323 326
324 325
324 327
325 326
325 327
325 328
326 328
326 329
327 328
327 330
328 329
328 330
328 331
329 331
329 332
330 331
330 333
331 332
331 333
331 334
332 335
332 334
333 336
333 334
334 337
335 337
335 338
336 342
337 340
337 342
338 339
338 340
339 341
340 343
341 343
341 344
342 345
343 345
343 346
344 346
344 348
345 346
345 347
346 347
346 348
346 349
347 349
347 350
348 351
348 349
349 351
349 352
349 350
350 352
350 353
351 352
351 354
352 353
352 354
352 355
353 355
353 356
354 355
354 357
355 356
355 357
355 358
356 358
356 359
357 358
357 360
358 359
358 360
358 361
359 361
359 362
360 363
361 365
362 364
362 365
363 367
364 366
365 367
365 368
366 368
366 369
367 373
368 371
368 373
369 370
369 371
370 372
371 374
372 374
372 375
373 376
374 376
374 377
375 377
375 379
376 377
376 378
377 378
377 379
377 380
378 380
378 381
379 380
379 382
380 383
380 381
380 382
381 383
381 384
382 383
382 385
383 384
383 385
383 386
384 386
384 387
385 386
385 388
386 387
386 388
386 389
387 389
387 390
388 389
388 391
389 392
390 392
390 393
391 397
392 395
392 397
393 394
393 395
394 396
395 398
396 411
396 398
397 412
398 412
398 413
399 400
400 401
401 402
402 403
403 404
404 405
405 406
406 407
407 408
408 409
409 410
410 5
410 8
411 413
411 414
412 415
412 399
412 413
413 415
413 416
413 414
414 416
414 417
415 399
415 416
415 418
416 417
416 418
416 419
417 419
417 420
418 419
418 421
419 420
419 421
419 422
420 422
420 423
421 422
421 424
422 423
422 424
422 425
423 425
423 426
424 425
424 427
425 426
425 427
425 428
426 428
426 429
427 428
427 430
428 431
428 429
428 430
429 431
429 432
430 431
430 433
431 432
431 433
431 434
432 434
432 435
433 434
433 436
434 435
434 436
434 437
435 437
435 438
436 437
436 439
437 438
437 439
437 440
438 440
438 441
439 440
439 442
440 441
440 442
440 443
441 443
441 444
442 443
442 445
443 444
443 445
443 446
444 447
444 446
445 448
445 446
446 447
446 448
446 0
447 0
447 1
448 0
448 2

7 0.0
9 0.5
10 1.0
11 1.5
12 2.0
13 2.5
14 3.0
15 3.5
16 4.0
17 4.5
92 0.0
94 0.5
95 1.0
96 1.5
97 2.0
98 2.5
99 3.0
100 3.5
101 4.0
102 4.5
103 5.0
104 5.5
105 6.0
106 6.5
107 7.0
108 7.5
109 8.0
110 8.5
111 9.0
112 9.5
113 10.0
114 10.5
115 11.0
116 11.5
117 12.0
118 12.5
119 13.0
120 13.5
174 0.0
176 0.5
177 1.0
178 1.5
179 2.0
180 2.5
181 3.0
182 3.5
183 4.0
184 4.5
185 5.0
186 5.5
187 6.0
188 6.5
189 7.0
190 7.5
191 8.0
192 8.5
193 9.0
194 9.5
195 10.0
196 10.5
197 11.0
198 11.5
199 12.0
200 12.5
201 13.0
202 13.5
203 14.0
204 14.5
205 15.0
206 15.5
207 16.0
208 16.5
209 17.0
210 17.5
211 18.0
212 18.5
213 19.0
214 19.5
215 20.0
216 20.5
217 21.0
218 21.5
219 22.0
220 22.5
221 23.0
222 23.5
223 24.0
224 24.5
225 25.0
226 25.5
277 0.0
279 0.5
280 1.0
281 1.5
282 2.0
283 2.5
284 3.0
285 3.5
286 4.0
287 4.5
288 5.0
289 5.5
290 6.0
291 6.5
292 7.0
293 7.5
294 8.0
295 8.5
296 9.0
297 9.5
298 10.0
299 10.5
300 11.0
301 11.5
302 12.0
335 0.0
337 0.5
338 1.0
339 1.5
340 2.0
341 2.5
342 3.0
343 3.5
344 4.0
362 0.0
364 0.5
365 1.0
366 1.5
367 2.0
368 2.5
369 3.0
370 3.5
371 4.0
372 4.5
373 5.0
374 5.5
375 6.0
390 0.0
392 0.5
393 1.0
394 1.5
395 2.0
396 2.5
397 3.0
398 3.5
411 4.0
400 1.0
401 1.0
402 1.0
403 1.0
404 1.0
405 1.0
406 1.0
407 1.0
408 1.0
409 1.0

391 120.0
396 205.0
415 205.0
417 235.0
424 290.0
426 290.0
433 290.0
435 290.0
442 290.0
444 290.0
