indianapolis.png 3
0 731 781 1 F
1 730 753 1 F
2 718 794 1 F
3 719 767 1 F
4 705 783 1
5 707 753 1
6 694 794 1
7 695 767 1
8 681 783 1
9 683 753 1
10 670 794 1
11 671 767 1
12 657 783 1
13 659 753 1
14 646 794 1
15 646 767 1
16 633 783 1
17 634 753 1
18 621 794 1
19 622 767 1
20 609 783 1
21 610 753 1
22 597 794 1
23 597 768 1
24 584 783 1
25 586 753 1
26 573 794 1
27 573 768 1
28 560 783 1
29 561 753 1
30 548 795 1
31 548 768 1
32 536 784 1
33 537 753 1
34 524 795 1
35 524 768 1
36 512 784 1
37 513 753 1
38 500 795 1
39 500 768 1
40 487 784 1
41 488 753 1
42 475 795 1
43 475 769 1
44 463 784 1
45 464 753 1
46 451 795 1
47 451 769 1
48 439 784 1
49 440 753 1
50 427 795 1
51 426 769 1
52 415 784 1
53 415 753 1
54 402 796 1
55 402 769 1
56 390 785 1
57 391 753 1
58 377 770 1
59 366 783 2
60 366 754 1
61 352 770 2
62 340 784 2
63 315 769 2
64 323 756 2
65 336 746 2
66 304 744 2
67 318 728 2
68 332 716 2
69 303 719 2
70 316 705 2
71 329 695 2
72 317 671 2
73 304 681 2
74 293 661 2
75 296 691 2
76 283 672 2
77 269 657 2
78 266 684 1
79 253 675 1
80 243 687 1
81 242 659 1
82 229 672 1
83 210 684 1
84 216 657 1
85 194 667 1
86 168 667 1
87 191 646 1
88 169 645 1
89 148 637 1
90 174 625 1
91 155 619 1
92 137 611 1
93 165 604 1
94 145 595 1
95 130 589 3
96 155 579 1
97 121 566 3
98 136 567 3
99 122 539 3
100 139 537 3
101 137 519 3
102 164 508 3
103 152 545 3
104 170 520 3
105 187 504 3
106 185 535 1
107 197 519 1
108 210 506 1
109 208 533 1
110 221 521 1
111 235 507 1
112 231 534 1
113 245 520 1
114 258 505 3
115 255 532 1
116 283 508 3
117 276 521 3
118 305 520 3
119 281 536 3
120 300 535 3
121 322 539 3
122 297 554 1
123 317 560 1
124 310 575 1
125 336 561 1
126 330 580 1
127 323 596 1
128 349 581 1
129 343 600 1
130 336 617 1
131 362 601 1
132 356 620 1
133 349 638 1
134 375 621 1
135 370 641 1
136 365 659 3
137 389 641 1
138 390 660 3
139 389 673 3
140 418 675 3
141 419 662 3
142 417 649 3
143 444 666 3
144 447 648 3
145 465 647 3
146 477 621 3
147 440 636 3
148 463 619 3
149 472 590 3
150 447 607 1
151 454 589 1
152 434 585 1
153 457 570 1
154 441 568 1
155 420 567 1
156 445 549 1
157 428 549 1
158 407 547 1
159 431 528 1
160 412 526 1
161 395 526 3
162 419 510 1
163 400 506 3
164 382 500 3
165 384 468 3
166 398 473 3
167 414 444 3
168 411 477 3
169 429 457 3
170 444 442 3
171 445 470 1
172 458 458 1
173 469 470 1
174 469 443 1
175 482 458 1
176 493 470 1
177 493 443 1
178 506 458 1
179 517 470 1
180 517 443 1
181 530 458 1
182 541 470 1
183 541 443 1
184 554 458 1
185 565 470 1
186 565 443 1
187 578 457 1
188 589 470 1
189 590 442 1
190 602 457 1
191 613 470 1
192 614 442 1
193 626 457 1
194 638 470 1
195 638 442 1
196 651 457 1
197 662 470 1
198 662 442 1
199 675 457 1
200 686 470 1
201 686 442 1
202 699 456 1
203 710 470 1
204 711 441 1
205 723 456 1
206 734 470 1
207 735 441 1
208 747 456 1
209 758 470 1
210 759 441 1
211 771 456 1
212 782 470 1
213 783 441 1
214 795 456 1
215 807 470 1
216 807 441 1
217 820 455 1
218 831 469 6
219 832 440 1
220 850 454 6
221 863 466 6
222 889 448 6
223 863 434 6
224 880 431 6
225 902 419 6
226 873 410 6
227 891 407 6
228 909 397 6
229 884 389 6
230 901 382 6
231 917 378 6
232 894 366 6
233 911 362 6
234 904 345 6
235 929 357 6
236 916 324 6
237 922 335 6
238 938 311 6
239 952 320 6
240 965 310 6
241 950 334 6
242 973 338 6
243 984 326 6
244 967 360 6
245 994 348 6
246 984 365 6
247 977 381 6
248 1002 373 6
249 997 391 6
250 985 404 6
251 1008 425 6
252 1016 397 6
253 1018 413 6
254 1039 425 6
255 1066 413 6
256 1056 403 6
257 1077 383 6
258 1048 389 6
259 1063 375 6
260 1076 360 6
261 1048 363 1
262 1060 350 1
263 1045 339 1
264 1074 336 1
265 1060 326 1
266 1042 316 1
267 1072 311 1
268 1056 300 1
269 1040 289 3
270 1069 283 1
271 1042 263 3
272 1054 272 3
273 1048 241 3
274 1063 242 3
275 1076 254 3
276 1066 218 3
277 1087 222 3
278 1090 205 3
279 1114 199 3
280 1102 230 3
281 1120 212 3
282 1142 201 3
283 1132 227 1
284 1149 217 1
285 1170 211 1
286 1156 235 1
287 1174 226 1
288 1192 219 1
289 1177 246 1
290 1196 236 1
291 1214 228 1
292 1200 255 1
293 1217 247 1
294 1235 237 1
295 1223 267 1
296 1240 256 1
297 1259 248 1
298 1246 276 1
299 1266 267 1
300 1286 262 1
301 1271 288 1
302 1294 280 1
303 1318 285 1
304 1300 307 1
305 1318 312 1
306 1342 323 1
307 1317 337 1
308 1338 344 1
309 1352 360 1
310 377 798 4
311 1323 363 1
312 1366 380 1
313 1339 375 1
314 1352 391 1
315 1323 387 1
316 1366 402 1
317 1336 402 1
318 1351 412 1
319 1323 411 1
320 1365 425 1
321 1336 426 1
322 1351 436 1
323 1323 435 1
324 1365 449 1
325 1336 450 1
326 1351 461 1
327 1323 460 1
328 1365 473 1
329 1336 474 1
330 1351 485 1
331 1323 484 1
332 1365 497 1
333 1336 498 1
334 1351 510 1
335 1323 508 1
336 1365 521 1
337 1336 522 1
338 1351 534 1
339 1323 533 1
340 1365 545 1
341 1336 546 1
342 1351 559 1
343 1323 557 1
344 1365 569 1
345 1336 570 1
346 1351 583 1
347 1323 581 1
348 1366 594 1
349 1336 594 1
350 1352 608 1
351 1322 606 1
352 1362 626 3
353 1335 619 1
354 1346 641 3
355 1317 633 1
356 1353 657 3
357 1325 652 3
358 1331 672 3
359 1307 658 3
360 1338 685 3
361 1310 681 3
362 1321 713 3
363 1313 700 3
364 1287 687 3
365 1288 706 3
366 1297 739 3
367 1288 724 3
368 1267 708 3
369 1273 758 3
370 1262 732 3
371 1261 748 3
372 1245 772 3
373 1240 726 3
374 1236 746 3
375 1228 765 3
376 1215 739 1
377 1219 784 3
378 1208 757 1
379 1198 776 1
380 1192 747 1
381 1182 764 1
382 1189 792 1
383 1170 779 1
384 1169 750 1
385 1155 795 1
386 1157 765 1
387 1146 779 1
388 1145 750 1
389 1133 765 1
390 1131 795 1
391 1122 779 1
392 1121 750 1
393 1109 765 1
394 1107 795 1
395 1097 779 1
396 1096 751 1
397 1085 765 1
398 1083 795 1
399 1072 780 1
400 1072 750 1
401 1060 765 1
402 1059 795 1
403 1048 779 1
404 1047 750 1
405 1036 765 1
406 1035 795 1
407 1024 779 1
408 1023 751 1
409 1012 765 1
410 1011 795 1
411 998 780 1
412 999 750 1
413 987 765 1
414 987 795 1
415 975 779 1
416 974 750 1
417 963 766 1
418 962 795 1
419 951 780 1
420 950 751 1
421 939 766 1
422 938 795 1
423 888 735 7
424 864 735 7
425 840 735 7
426 816 735 7
427 792 735 7
428 767 735 7
429 743 735 7
430 719 735 7
431 695 735 7
432 670 735 7
433 646 735 7
434 622 735 7
435 597 736 7
436 570 738 7
437 924 780 1
438 925 750 1
439 914 766 1
440 914 795 1
441 902 780 1
442 901 750 1
443 890 766 1
444 890 795 1
445 878 780 1
446 877 751 1
447 866 766 1
448 866 795 1
449 852 781 1
450 852 750 1
451 841 766 1
452 842 795 1
453 829 780 1
454 828 750 1
455 817 766 1
456 818 795 1
457 804 780 1
458 804 753 1
459 793 766 1
460 794 795 1
461 779 781 1
462 779 750 1
463 768 767 1
464 769 796 1
465 755 781 1
466 754 751 1
467 742 768 1
468 742 795 1

0 2
0 3
0 4
1 3
1 5
2 4
2 6
3 4
3 5
3 7
4 6
4 7
4 8
5 7
5 9
6 8
6 10
7 8
7 9
7 11
8 10
8 11
8 12
9 11
9 13
10 12
10 14
11 15
11 12
11 13
12 15
12 16
12 14
13 15
13 17
14 16
14 18
15 16
15 17
15 19
16 18
16 19
16 20
17 19
17 21
18 20
18 22
19 20
19 21
19 23
20 22
20 23
20 24
21 23
21 25
22 24
22 26
23 24
23 25
23 27
24 26
24 27
24 28
25 27
25 29
26 28
26 30
27 31
27 28
27 29
28 31
28 32
28 30
29 31
29 33
30 32
30 34
31 32
31 33
31 35
32 34
32 35
32 36
33 35
33 37
34 36
34 38
35 36
35 37
35 39
36 38
36 39
36 40
37 39
37 41
38 40
38 42
39 40
39 41
39 43
40 42
40 43
40 44
41 43
41 45
42 44
42 46
43 47
43 44
43 45
44 47
44 48
44 46
45 47
45 49
46 48
46 50
47 48
47 49
47 51
48 50
48 51
48 52
49 51
49 53
50 52
50 54
51 52
51 53
51 55
52 54
52 55
52 56
53 55
53 57
54 310
54 56
55 56
55 57
55 58
56 58
56 59
57 58
57 60
58 61
59 61
59 62
60 65
61 64
61 65
62 63
62 64
63 66
64 67
65 68
66 67
66 69
67 68
67 70
68 70
68 71
69 70
69 75
70 73
70 75
71 72
71 73
72 74
73 76
74 76
74 77
75 78
76 79
76 78
77 79
77 81
78 79
78 80
79 80
79 81
79 82
80 82
80 83
81 82
81 84
82 83
82 84
82 85
83 85
83 86
84 85
84 87
85 86
85 87
85 88
86 88
86 89
87 88
87 90
88 89
88 90
88 91
89 91
89 92
90 91
90 93
91 92
91 93
91 94
92 95
93 96
93 94
94 98
95 97
95 98
96 103
97 99
98 100
98 103
99 100
99 101
100 104
101 102
101 104
102 105
103 106
104 106
104 107
105 107
105 108
106 107
106 109
107 108
107 109
107 110
108 111
108 110
109 112
109 110
110 111
110 112
110 113
111 113
111 114
112 113
112 115
113 117
114 116
114 117
115 119
116 118
117 119
117 120
118 120
118 121
119 122
120 122
120 123
121 123
121 125
122 123
122 124
123 124
123 125
123 126
124 127
124 126
125 128
125 126
126 127
126 128
126 129
127 129
127 130
128 129
128 131
129 130
129 131
129 132
130 132
130 133
131 132
131 134
132 133
132 134
132 135
133 135
133 136
134 135
134 137
135 138
136 138
136 139
137 142
138 141
138 142
139 140
139 141
140 143
141 144
142 147
143 144
143 145
144 147
144 148
145 146
145 148
146 149
147 150
148 150
148 151
149 151
149 153
150 151
150 152
151 152
151 153
151 154
152 154
152 155
153 154
153 156
154 155
154 156
154 157
155 157
155 158
156 159
156 157
157 159
157 160
157 158
158 160
158 161
159 160
159 162
160 163
161 163
161 164
162 168
163 166
163 168
164 165
164 166
165 167
166 169
167 169
167 170
168 171
169 171
169 172
170 172
170 174
171 172
171 173
172 175
172 173
172 174
173 175
173 176
174 175
174 177
175 176
175 177
175 178
176 178
176 179
177 178
177 180
178 179
178 180
178 181
179 181
179 182
180 181
180 183
181 182
181 183
181 184
182 184
182 185
183 184
183 186
184 185
184 186
184 187
185 187
185 188
186 187
186 189
187 188
187 189
187 190
188 191
188 190
189 192
189 190
190 191
190 192
190 193
191 193
191 194
192 193
192 195
193 194
193 195
193 196
194 196
194 197
195 196
195 198
196 197
196 198
196 199
197 199
197 200
198 199
198 201
199 200
199 201
199 202
200 202
200 203
201 202
201 204
202 203
202 204
202 205
203 205
203 206
204 207
204 205
205 207
205 208
205 206
206 208
206 209
207 208
207 210
208 209
208 210
208 211
209 211
209 212
210 211
210 213
211 212
211 213
211 214
212 214
212 215
213 214
213 216
214 215
214 216
214 217
215 217
215 218
216 217
216 219
217 220
218 220
218 221
219 223
220 223
220 224
221 224
221 222
222 225
223 226
224 226
224 227
225 227
225 228
226 229
227 229
227 230
228 230
228 231
229 232
230 232
230 233
231 233
231 235
232 233
232 234
233 235
233 237
234 236
234 237
235 241
236 238
237 239
237 241
238 239
238 240
239 242
240 242
240 243
241 244
242 244
242 246
243 245
244 247
245 246
245 248
246 247
246 249
247 249
247 250
248 249
248 252
249 252
249 253
250 251
250 253
251 254
252 258
253 256
253 258
254 255
254 256
255 257
256 259
257 259
257 260
258 261
259 261
259 262
260 262
260 264
261 262
261 263
262 263
262 264
262 265
263 265
263 266
264 265
264 267
265 266
265 267
265 268
266 268
266 269
267 268
267 270
268 272
269 271
269 272
270 275
271 273
271 274
272 274
272 275
273 276
274 277
275 280
276 277
276 278
277 280
277 281
278 279
278 281
279 282
280 283
281 283
281 284
282 284
282 285
283 284
283 286
284 287
284 285
284 286
285 287
285 288
286 287
286 289
287 288
287 289
287 290
288 290
288 291
289 290
289 292
290 291
290 292
290 293
291 293
291 294
292 293
292 295
293 294
293 295
293 296
294 296
294 297
295 296
295 298
296 297
296 298
296 299
297 299
297 300
298 299
298 301
299 300
299 301
299 302
300 303
300 302
301 304
301 302
302 303
302 304
302 305
303 305
303 306
304 305
304 307
305 306
305 307
305 308
306 308
306 309
307 308
307 311
308 309
308 311
308 313
309 312
309 313
309 314
310 312
311 313
311 315
312 314
312 316
313 314
313 315
313 317
314 316
314 317
314 318
315 319
315 317
316 320
316 318
317 319
317 321
317 318
318 320
318 321
318 322
319 321
319 323
320 322
320 324
321 322
321 323
321 325
322 324
322 325
322 326
323 325
323 327
324 326
324 328
325 326
325 327
325 329
326 328
326 329
326 330
327 329
327 331
328 330
328 332
329 330
329 331
329 333
330 332
330 333
330 334
331 335
331 333
332 336
332 334
333 335
333 337
333 334
334 336
334 337
334 338
335 337
335 339
336 338
336 340
337 338
337 339
337 341
338 340
338 341
338 342
339 341
339 343
340 342
340 344
341 342
341 343
341 345
342 344
342 345
342 346
343 345
343 347
344 346
344 348
345 346
345 347
345 349
346 348
346 349
346 350
347 351
347 349
348 352
348 350
349 351
349 353
349 350
350 354
351 353
351 355
352 354
352 356
353 357
354 357
354 358
355 359
356 358
356 360
357 359
357 361
358 361
358 363
359 364
360 362
360 363
361 364
361 365
362 367
362 366
363 367
363 365
364 368
365 368
365 370
366 369
367 370
367 371
368 373
369 372
370 373
370 374
371 374
371 375
372 377
373 376
374 376
374 378
375 378
375 379
376 378
376 380
377 382
378 379
378 380
378 381
379 383
379 381
379 382
380 384
380 381
381 383
381 384
381 386
382 383
382 385
383 385
383 386
383 387
384 386
384 388
385 387
385 390
386 387
386 388
386 389
387 389
387 390
387 391
388 389
388 392
389 391
389 392
389 393
390 391
390 394
391 393
391 394
391 395
392 393
392 396
393 395
393 396
393 397
394 395
394 398
395 399
395 397
395 398
396 400
396 397
397 399
397 400
397 401
398 399
398 402
399 401
399 402
399 403
400 401
400 404
401 403
401 404
401 405
402 403
402 406
403 405
403 406
403 407
404 405
404 408
405 407
405 408
405 409
406 407
406 410
407 409
407 410
407 411
408 409
408 412
409 411
409 412
409 413
410 411
410 414
411 415
411 413
411 414
412 416
412 413
413 415
413 416
413 417
414 415
414 418
415 417
415 418
415 419
416 417
416 420
417 419
417 420
417 421
418 419
418 422
419 421
419 437
419 422
420 421
420 438
421 437
421 438
421 439
422 437
422 440
423 424
424 425
425 426
426 427
427 428
428 429
429 430
430 431
431 432
432 433
433 434
434 435
435 436
436 33
436 29
437 439
437 440
437 441
438 423
438 439
438 442
439 441
439 442
439 443
440 441
440 444
441 443
441 444
441 445
442 423
442 443
442 446
443 447
443 445
443 446
444 448
444 445
445 447
445 448
445 449
446 447
446 450
447 449
447 450
447 451
448 449
448 452
449 451
449 452
449 453
450 451
450 454
451 453
451 454
451 455
452 453
452 456
453 455
453 456
453 457
454 455
454 458
455 457
455 458
455 459
456 457
456 460
457 459
457 460
457 461
458 459
458 462
459 463
459 461
459 462
460 464
460 461
461 463
461 464
461 465
462 463
462 466
463 465
463 466
463 467
464 465
464 468
465 0
465 467
465 468
466 1
466 467
467 0
467 1
467 3
468 0
468 2

59 0.0
61 0.5
62 1.0
63 1.5
64 2.0
65 2.5
66 3.0
67 3.5
68 4.0
69 4.5
70 5.0
71 5.5
72 6.0
73 6.5
74 7.0
75 7.5
76 8.0
77 8.5
95 0.0
97 0.5
98 1.0
99 1.5
100 2.0
101 2.5
102 3.0
103 3.5
104 4.0
105 4.5
114 0.0
116 0.5
117 1.0
118 1.5
119 2.0
120 2.5
121 3.0
136 0.0
138 0.5
139 1.0
140 1.5
141 2.0
142 2.5
143 3.0
144 3.5
145 4.0
146 4.5
147 5.0
148 5.5
149 6.0
161 0.0
163 0.5
164 1.0
165 1.5
166 2.0
167 2.5
168 3.0
169 3.5
170 4.0
218 0.0
220 0.5
221 1.0
222 1.5
223 2.0
224 2.5
225 3.0
226 3.5
227 4.0
228 4.5
229 5.0
230 5.5
231 6.0
232 6.5
233 7.0
234 7.5
235 8.0
236 9.0
237 9.5
238 10.0
239 10.5
240 11.0
241 11.5
242 12.0
243 12.5
244 13.0
245 13.5
246 14.0
247 14.5
248 15.0
249 15.5
250 16.0
251 16.5
252 17.0
253 17.5
254 18.0
255 18.5
256 19.0
257 19.5
258 20.0
259 20.5
260 21.0
269 0.0
271 0.5
272 1.0
273 1.5
274 2.0
275 2.5
276 3.0
277 3.5
278 4.0
279 4.5
280 5.0
281 5.5
282 6.0
352 0.0
354 0.5
356 1.0
357 1.5
358 2.0
359 2.5
360 3.0
361 3.5
362 4.0
363 4.5
364 5.0
365 5.5
366 6.0
367 6.5
368 7.0
369 7.5
370 8.0
371 8.5
372 9.0
373 9.5
374 10.0
375 10.5
377 11.0
425 1.0
426 1.0
427 1.0
428 1.0
429 1.0
430 1.0
431 1.0
432 1.0
433 1.0
434 1.0

396 180.0
399 180.0
408 180.0
411 180.0
420 180.0
437 180.0
446 180.0
449 180.0
458 180.0
461 180.0
