newjersey.png 3
0 305 658 1 F
1 289 649 1 F
2 301 676 1 F
3 284 667 1
4 265 661 2
5 280 685 1
6 260 680 2
7 243 676 2
8 233 706 2
9 248 709 2
10 263 711 2
11 247 734 2
12 268 736 2
13 287 737 2
14 299 766 2
15 285 762 2
16 288 793 2
17 268 761 2
18 273 787 2
19 269 809 2
20 250 785 1
21 248 805 1
22 243 825 1
23 229 797 1
24 227 816 1
25 223 836 1
26 208 809 1
27 205 828 1
28 202 847 1
29 187 821 1
30 183 839 1
31 181 858 1
32 166 833 1
33 161 851 1
34 160 871 3
35 144 845 1
36 135 879 3
37 137 864 3
38 102 876 3
39 122 855 3
40 107 860 3
41 84 858 3
42 108 837 1
43 90 836 1
44 69 835 1
45 94 818 1
46 76 818 1
47 54 817 1
48 80 799 1
49 60 799 1
50 42 797 3
51 66 779 1
52 45 776 3
53 31 773 3
54 36 739 3
55 56 761 3
56 48 743 3
57 55 721 3
58 72 743 1
59 75 724 1
60 90 730 1
61 77 703 1
62 95 711 1
63 111 717 1
64 96 694 1
65 115 697 1
66 133 701 1
67 114 679 1
68 133 682 1
69 151 681 1
70 133 662 1
71 154 661 1
72 172 661 1
73 150 643 1
74 170 643 1
75 190 640 1
76 167 624 1
77 185 622 1
78 204 621 1
79 180 603 1
80 201 602 1
81 222 599 1
82 193 583 1
83 214 580 1
84 236 580 1
85 210 560 1
86 232 559 1
87 251 558 1
88 229 540 1
89 250 540 1
90 272 541 2
91 249 520 1
92 272 522 2
93 292 523 2
94 271 505 2
95 289 506 2
96 305 505 2
97 279 480 2
98 296 480 2
99 308 479 2
100 274 455 2
101 289 455 2
102 283 429 2
103 305 452 2
104 302 432 2
105 306 413 2
106 320 438 2
107 329 418 2
108 338 402 2
109 347 428 1
110 354 410 1
111 364 392 1
112 370 423 1
113 381 404 1
114 386 385 1
115 398 416 1
116 403 395 1
117 409 373 1
118 425 401 1
119 429 382 1
120 432 360 1
121 451 385 1
122 450 364 1
123 448 344 1
124 469 362 1
125 467 342 1
126 463 321 1
127 489 339 1
128 479 318 1
129 476 301 1
130 501 316 1
131 495 298 1
132 490 278 1
133 513 297 1
134 512 277 1
135 519 253 1
136 533 278 1
137 540 259 1
138 560 261 1
139 547 237 1
140 568 235 1
141 561 215 1
142 590 229 1
143 581 206 1
144 572 187 1
145 601 198 1
146 595 177 1
147 597 153 1
148 616 179 1
149 619 158 1
150 624 138 1
151 639 163 1
152 644 144 1
153 651 126 1
154 663 154 1
155 666 135 1
156 673 116 1
157 684 144 1
158 689 126 1
159 694 108 1
160 707 135 1
161 710 117 1
162 716 97 1
163 728 125 1
164 735 106 1
165 737 88 1
166 749 117 1
167 756 96 1
168 761 77 1
169 772 107 1
170 777 87 1
171 785 71 3
172 796 98 1
173 800 78 3
174 805 66 3
175 826 66 3
176 824 78 3
177 849 81 3
178 819 92 3
179 841 94 3
180 859 99 3
181 834 114 1
182 851 120 1
183 840 133 1
184 868 123 1
185 861 144 1
186 853 159 3
187 879 146 1
188 874 167 3
189 865 175 3
190 882 194 3
191 890 181 3
192 895 169 3
193 905 205 3
194 914 194 3
195 930 211 3
196 918 180 3
197 939 198 3
198 954 209 3
199 946 182 1
200 962 192 1
201 974 177 1
202 979 204 1
203 988 185 1
204 999 169 1
205 1004 199 1
206 1010 179 1
207 1021 164 1
208 1027 191 1
209 1036 174 1
210 1043 157 1
211 1053 185 1
212 1059 164 1
213 1067 150 1
214 1076 175 1
215 1084 157 1
216 1089 140 1
217 1102 168 1
218 1107 147 1
219 1110 128 1
220 1123 156 1
221 1128 135 1
222 1132 116 1
223 1145 143 1
224 1150 123 1
225 1153 104 1
226 1167 131 1
227 1171 111 1
228 1175 92 1
229 1189 118 1
230 1193 99 1
231 1196 80 1
232 1211 106 1
233 1214 87 1
234 1218 68 1
235 1233 93 1
236 1236 75 1
237 1240 55 1
238 1255 81 1
239 1258 62 1
240 1265 43 2
241 1277 68 1
242 1280 51 2
243 1283 34 2
244 1303 57 2
245 1303 44 2
246 1310 30 2
247 1339 36 2
248 1328 47 2
249 1330 64 2
250 1363 56 2
251 1350 62 2
252 1374 85 2
253 1362 83 2
254 1362 111 2
255 1344 86 2
256 1346 105 2
257 1340 126 2
258 1329 100 2
259 1326 118 2
260 1321 138 2
261 1305 111 1
262 1301 129 1
263 1283 123 1
264 1299 149 1
265 1279 140 1
266 1262 132 1
267 1277 160 1
268 1257 151 1
269 1240 143 1
270 1255 171 1
271 1235 162 1
272 1218 154 1
273 1232 182 1
274 1213 173 1
275 1195 165 1
276 1210 193 1
277 1190 184 1
278 1172 177 1
279 1187 205 1
280 1169 196 1
281 1151 194 1
282 1166 216 1
283 1148 214 1
284 1127 208 1
285 1145 235 1
286 1122 229 1
287 1106 223 1
288 1121 249 1
289 1099 241 1
290 1082 236 1
291 1096 261 1
292 1075 254 1
293 1060 248 1
294 1071 273 1
295 1054 264 1
296 1036 254 1
297 1046 281 1
298 1027 271 1
299 1012 262 1
300 1021 290 1
301 1003 280 1
302 987 268 1
303 994 299 1
304 977 286 1
305 962 271 1
306 966 302 1
307 949 288 1
308 937 274 1
309 942 304 1
310 925 291 1
311 912 277 1
312 917 307 1
313 900 294 1
314 887 280 1
315 892 310 1
316 875 297 1
317 862 283 1
318 867 313 1
319 851 301 1
320 837 286 1
321 842 316 1
322 826 304 1
323 812 290 1
324 817 319 1
325 801 307 1
326 787 295 1
327 792 322 1
328 776 311 1
329 761 298 1
330 769 327 1
331 752 316 1
332 734 306 1
333 746 332 1
334 726 325 1
335 705 318 1
336 724 343 1
337 704 336 1
338 684 329 1
339 702 355 1
340 682 348 1
341 662 341 1
342 680 367 1
343 660 360 1
344 641 353 1
345 657 378 1
346 638 371 1
347 619 365 1
348 635 390 1
349 616 383 1
350 597 377 1
351 613 402 1
352 594 395 1
353 575 393 2
354 590 414 1
355 568 410 2
356 556 405 2
357 543 430 2
358 558 435 2
359 570 441 2
360 547 457 2
361 567 460 2
362 586 465 2
363 593 492 2
364 577 484 2
365 581 515 2
366 562 487 2
367 565 510 2
368 502 506 7
369 523 496 7
370 482 517 7
371 461 528 7
372 440 540 7
373 419 551 7
374 397 562 7
375 376 577 7
376 355 588 7
377 330 601 7
378 311 610 7
379 292 625 7
380 561 531 2
381 546 506 1
382 542 525 1
383 525 518 1
384 539 543 1
385 521 536 1
386 503 530 1
387 518 556 1
388 500 548 1
389 482 542 1
390 497 568 1
391 478 560 1
392 460 554 1
393 474 579 1
394 457 572 1
395 438 566 1
396 454 592 1
397 435 584 1
398 416 578 1
399 433 604 1
400 414 595 1
401 395 589 1
402 409 615 1
403 393 607 1
404 374 601 1
405 390 628 1
406 371 619 1
407 353 614 1
408 369 640 1
409 350 631 1
410 330 625 1
411 345 651 1
412 328 643 1
413 310 636 1
414 323 663 1

0 1
0 2
0 3
1 3
1 4
2 3
2 5
3 6
4 6
4 7
5 10
6 9
6 10
7 8
7 9
8 11
9 12
10 13
11 17
11 12
12 15
12 13
13 15
13 14
14 16
15 18
16 18
16 19
17 20
18 20
18 21
19 21
19 22
20 21
20 23
21 22
21 23
21 24
22 24
22 25
23 24
23 26
24 25
24 26
24 27
25 27
25 28
26 27
26 29
27 28
27 29
27 30
28 31
28 30
29 32
29 30
30 31
30 32
30 33
31 33
31 34
32 33
32 35
33 37
34 36
34 37
35 39
36 38
37 40
38 40
38 41
39 42
40 42
40 43
41 43
41 44
42 43
42 45
43 44
43 45
43 46
44 47
44 46
45 48
45 46
46 47
46 48
46 49
47 49
47 50
48 49
48 51
49 52
50 52
50 53
51 55
52 55
52 56
53 54
53 56
54 57
55 58
56 58
56 59
57 59
57 61
58 59
58 60
59 60
59 61
59 62
60 63
60 62
61 64
61 62
62 63
62 64
62 65
63 65
63 66
64 65
64 67
65 66
65 67
65 68
66 68
66 69
67 68
67 70
68 69
68 70
68 71
69 71
69 72
70 71
70 73
71 72
71 73
71 74
72 74
72 75
73 74
73 76
74 75
74 76
74 77
75 77
75 78
76 79
76 77
77 79
77 80
77 78
78 80
78 81
79 80
79 82
80 81
80 82
80 83
81 83
81 84
82 83
82 85
83 84
83 85
83 86
84 86
84 87
85 86
85 88
86 87
86 88
86 89
87 89
87 90
88 89
88 91
89 92
90 92
90 93
91 94
92 95
92 94
93 95
93 96
94 97
95 97
95 98
96 99
97 100
97 101
98 101
99 103
100 102
101 104
102 104
102 105
103 106
104 106
104 107
105 107
105 108
106 109
107 109
107 110
108 111
108 110
109 112
109 110
110 111
110 112
110 113
111 113
111 114
112 113
112 115
113 114
113 115
113 116
114 116
114 117
115 116
115 118
116 117
116 118
116 119
117 119
117 120
118 119
118 121
119 120
119 121
119 122
120 122
120 123
121 122
121 124
122 123
122 124
122 125
123 125
123 126
124 127
124 125
125 127
125 128
125 126
126 128
126 129
127 128
127 130
128 129
128 130
128 131
129 131
129 132
130 131
130 133
131 132
131 133
131 134
132 134
132 135
133 134
133 136
134 135
134 136
134 137
135 137
135 138
135 139
136 137
136 138
137 138
137 139
137 140
138 139
138 140
138 142
139 140
139 141
140 143
140 141
140 142
141 143
141 144
142 143
142 145
143 144
143 145
143 146
144 146
144 147
145 146
145 148
146 147
146 148
146 149
147 149
147 150
148 149
148 151
149 150
149 151
149 152
150 152
150 153
151 152
151 154
152 153
152 154
152 155
153 155
153 156
154 155
154 157
155 156
155 157
155 158
156 159
156 158
157 160
157 158
158 159
158 160
158 161
159 161
159 162
160 161
160 163
161 162
161 163
161 164
162 164
162 165
163 164
163 166
164 165
164 166
164 167
165 167
165 168
166 167
166 169
167 168
167 169
167 170
168 170
168 171
169 170
169 172
170 173
171 173
171 174
172 178
173 176
173 178
174 175
174 176
175 177
176 179
177 179
177 180
178 181
179 181
179 182
180 182
180 184
181 182
181 183
182 183
182 184
182 185
183 185
183 186
184 185
184 187
185 188
186 188
186 189
187 192
188 191
188 192
189 191
189 190
190 193
191 194
191 196
192 196
193 194
193 195
194 197
195 197
195 198
196 199
197 199
197 200
198 200
198 202
199 200
199 201
200 201
200 202
200 203
201 203
201 204
202 203
202 205
203 204
203 205
203 206
204 207
204 206
205 208
205 206
206 207
206 208
206 209
207 209
207 210
208 209
208 211
209 210
209 211
209 212
210 212
210 213
211 212
211 214
212 213
212 214
212 215
213 215
213 216
214 215
214 217
215 216
215 217
215 218
216 218
216 219
217 218
217 220
218 219
218 220
218 221
219 221
219 222
220 223
220 221
221 223
221 224
221 222
222 224
222 225
223 224
223 226
224 225
224 226
224 227
225 227
225 228
226 227
226 229
227 228
227 229
227 230
228 230
228 231
229 230
229 232
230 231
230 232
230 233
231 233
231 234
232 233
232 235
233 234
233 235
233 236
234 236
234 237
235 236
235 238
236 239
236 237
236 238
237 239
237 240
238 239
238 241
239 242
240 242
240 243
241 244
242 244
242 245
243 245
243 246
244 249
245 248
246 247
246 248
247 250
247 251
248 249
248 251
249 255
250 252
250 253
251 255
251 253
252 254
253 256
254 256
254 257
255 258
256 258
256 259
257 259
257 260
258 261
259 261
259 262
260 262
260 264
261 262
261 263
262 263
262 264
262 265
263 265
263 266
264 265
264 267
265 266
265 267
265 268
266 268
266 269
267 268
267 270
268 271
268 269
268 270
269 271
269 272
270 271
270 273
271 272
271 273
271 274
272 274
272 275
273 274
273 276
274 275
274 276
274 277
275 277
275 278
276 277
276 279
277 278
277 279
277 280
278 280
278 281
279 280
279 282
280 281
280 282
280 283
281 283
281 284
282 283
282 285
283 284
283 285
283 286
284 287
284 286
285 288
285 286
286 287
286 288
286 289
287 289
287 290
288 289
288 291
289 290
289 291
289 292
290 292
290 293
291 292
291 294
292 293
292 294
292 295
293 295
293 296
294 295
294 297
295 296
295 297
295 298
296 298
296 299
297 298
297 300
298 299
298 300
298 301
299 301
299 302
300 303
300 301
301 303
301 304
301 302
302 304
302 305
303 304
303 306
304 305
304 306
304 307
305 307
305 308
306 307
306 309
307 308
307 309
307 310
308 310
308 311
309 310
309 312
310 311
310 312
310 313
311 313
311 314
312 313
312 315
313 314
313 315
313 316
314 316
314 317
315 316
315 318
316 319
316 317
316 318
317 319
317 320
318 319
318 321
319 320
319 321
319 322
320 322
320 323
321 322
321 324
322 323
322 324
322 325
323 325
323 326
324 325
324 327
325 326
325 327
325 328
326 328
326 329
327 328
327 330
328 329
328 330
328 331
329 331
329 332
330 331
330 333
331 332
331 333
331 334
332 335
332 334
333 336
333 334
334 335
334 336
334 337
335 337
335 338
336 337
336 339
337 338
337 339
337 340
338 340
338 341
339 340
339 342
340 341
340 342
340 343
341 343
341 344
342 343
342 345
343 344
343 345
343 346
344 346
344 347
345 346
345 348
346 347
346 348
346 349
347 349
347 350
348 351
348 349
349 351
349 352
349 350
350 352
350 353
351 352
351 354
352 355
353 355
353 356
354 359
355 358
355 359
356 357
356 358
357 360
358 361
359 362
360 361
360 366
361 362
361 364
362 363
362 364
363 365
364 367
365 367
365 380
366 381
367 381
367 382
368 370
369 368
370 371
371 372
372 373
373 374
374 375
375 376
376 377
377 378
378 379
379 1
380 384
380 382
381 383
381 369
381 382
382 383
382 384
382 385
383 385
383 386
384 385
384 387
385 386
385 387
385 388
386 388
386 389
387 388
387 390
388 389
388 390
388 391
389 391
389 392
390 391
390 393
391 392
391 393
391 394
392 394
392 395
393 394
393 396
394 395
394 396
394 397
395 397
395 398
396 399
396 397
397 399
397 400
397 398
398 400
398 401
399 400
399 402
400 401
400 402
400 403
401 403
401 404
402 403
402 405
403 404
403 405
403 406
404 406
404 407
405 406
405 408
406 407
406 408
406 409
407 409
407 410
408 409
408 411
409 410
409 411
409 412
410 412
410 413
411 412
411 414
412 0
412 413
412 414
413 0
413 1
414 0
414 2

4 0.0
6 0.5
7 1.0
8 1.5
9 2.0
10 2.5
11 3.0
12 3.5
13 4.0
14 4.5
15 5.0
16 5.5
17 6.0
18 6.5
19 7.0
34 0.0
36 0.5
37 1.0
38 1.5
39 2.0
40 2.5
41 3.0
50 0.0
52 0.5
53 1.0
54 1.5
55 1.5
56 2.0
57 2.5
90 0.0
92 0.5
93 1.0
94 1.5
95 2.0
96 2.5
97 3.0
98 4.0
99 4.5
100 5.0
101 5.5
102 6.0
103 6.5
104 7.0
105 7.5
106 8.0
107 8.5
108 9.0
171 0.0
173 0.5
174 1.0
175 1.5
176 2.0
177 2.5
178 3.0
179 3.5
180 4.0
186 0.0
188 0.5
189 1.0
190 1.5
191 2.0
192 2.5
193 3.0
194 3.5
195 4.0
196 4.5
197 5.0
198 5.5
240 0.0
242 0.5
243 1.0
244 1.5
245 2.0
246 2.5
247 3.0
248 3.5
249 4.0
250 4.5
251 5.0
252 5.5
253 6.0
254 6.5
255 7.0
256 7.5
257 8.0
258 8.5
259 9.0
260 9.5
353 0.0
355 0.5
356 1.0
357 1.5
358 2.0
359 2.5
360 3.0
361 3.5
362 4.0
363 4.5
364 5.0
365 5.5
366 6.0
367 6.5
380 7.0
368 1.0
370 1.0
371 1.0
372 1.0
373 1.0
374 1.0
375 1.0
376 1.0
377 1.0
378 1.0

357 95.0
363 105.0
381 145.0
384 145.0
389 145.0
393 145.0
398 145.0
402 145.0
407 145.0
411 145.0
