nurburgring.png 1
0 929 343 1 F
1 924 359 1 F
2 915 332 1 F
3 905 351 1
4 901 367 1
5 892 340 1
6 882 359 1
7 878 375 1
8 868 348 1
9 859 367 1
10 855 383 1
11 845 356 1
12 837 374 1
13 832 391 1
14 821 364 1
15 814 382 1
16 808 400 1
17 798 372 1
18 791 390 1
19 784 408 2
20 774 381 1
21 768 400 2
22 758 415 2
23 733 412 2
24 743 400 2
25 749 389 2
26 734 372 2
27 716 396 2
28 725 382 2
29 715 357 2
30 700 367 2
31 691 351 2
32 695 378 2
33 664 353 2
34 672 365 2
35 669 381 2
36 639 363 2
37 647 375 2
38 619 379 2
39 641 394 2
40 623 394 2
41 601 396 2
42 623 417 1
43 604 416 1
44 586 415 1
45 606 435 1
46 587 434 1
47 569 433 1
48 588 453 1
49 569 452 1
50 551 451 1
51 570 471 1
52 552 470 1
53 534 469 1
54 553 489 1
55 534 488 1
56 516 487 1
57 535 507 1
58 516 506 1
59 499 505 1
60 517 525 1
61 499 524 1
62 481 523 1
63 500 543 1
64 481 542 1
65 463 541 1
66 482 561 1
67 463 560 1
68 443 560 3
69 464 580 1
70 446 579 3
71 428 579 3
72 423 601 3
73 438 601 3
74 430 624 3
75 450 600 3
76 446 620 3
77 443 642 3
78 466 626 1
79 463 644 1
80 482 642 1
81 460 661 1
82 478 660 1
83 498 662 1
84 475 678 1
85 493 679 1
86 513 679 3
87 492 699 1
88 512 699 3
89 527 698 3
90 530 726 3
91 517 726 3
92 514 752 3
93 504 721 3
94 497 745 3
95 486 760 3
96 479 734 1
97 467 746 1
98 454 762 1
99 456 734 1
100 439 750 1
101 430 763 1
102 428 736 1
103 415 751 1
104 402 768 1
105 398 741 1
106 390 758 1
107 379 771 1
108 372 744 1
109 361 760 1
110 353 774 1
111 346 751 1
112 338 767 1
113 329 783 1
114 321 758 1
115 313 772 1
116 302 789 1
117 297 763 1
118 286 780 1
119 278 797 1
120 273 769 1
121 262 788 1
122 254 805 1
123 246 778 1
124 237 796 1
125 232 811 1
126 221 786 1
127 215 805 1
128 205 822 1
129 198 796 1
130 188 813 1
131 183 832 1
132 174 805 1
133 165 823 1
134 161 842 1
135 150 817 1
136 143 836 1
137 137 853 2
138 123 828 1
139 118 849 2
140 114 867 2
141 100 842 2
142 96 860 2
143 93 876 2
144 69 863 2
145 62 876 2
146 74 850 2
147 36 866 2
148 47 853 2
149 24 844 2
150 35 829 2
151 20 816 2
152 48 831 2
153 29 792 2
154 40 800 2
155 51 774 2
156 57 800 2
157 63 783 2
158 71 764 2
159 78 789 2
160 88 773 2
161 94 756 2
162 105 785 1
163 112 767 1
164 128 777 1
165 119 747 1
166 135 757 1
167 152 767 1
168 143 742 1
169 161 749 1
170 176 759 1
171 167 732 1
172 184 743 1
173 200 751 1
174 191 724 1
175 208 734 1
176 224 743 1
177 215 717 1
178 232 726 1
179 246 734 1
180 239 709 1
181 256 718 1
182 271 728 1
183 263 701 1
184 281 709 1
185 295 719 3
186 287 693 1
187 319 708 3
188 307 698 3
189 333 682 3
190 305 679 3
191 321 675 3
192 337 660 3
193 310 655 1
194 326 642 1
195 342 634 1
196 313 631 1
197 329 619 1
198 346 611 1
199 318 606 1
200 336 596 1
201 353 590 1
202 325 577 1
203 345 571 1
204 365 566 1
205 340 551 1
206 363 549 1
207 381 548 1
208 359 528 1
209 379 531 1
210 398 531 1
211 376 511 1
212 396 513 1
213 415 513 1
214 393 493 1
215 413 495 1
216 432 496 1
217 410 475 1
218 430 477 1
219 449 478 1
220 427 457 1
221 447 459 1
222 466 460 1
223 444 440 1
224 464 441 1
225 483 443 1
226 461 422 1
227 481 423 1
228 500 425 1
229 478 404 1
230 498 405 1
231 517 407 1
232 495 386 1
233 515 387 1
234 533 388 3
235 512 368 1
236 532 372 3
237 549 374 3
238 560 353 3
239 545 349 3
240 555 329 3
241 530 348 3
242 540 329 3
243 543 310 3
244 521 326 1
245 523 308 1
246 503 306 1
247 527 290 1
248 508 290 1
249 489 290 1
250 512 271 1
251 491 271 1
252 472 271 1
253 497 255 1
254 475 252 1
255 456 252 3
256 478 232 1
257 460 234 3
258 443 233 3
259 437 209 3
260 464 211 3
261 450 209 3
262 443 180 3
263 456 185 3
264 461 163 3
265 473 188 3
266 480 169 3
267 485 149 3
268 496 176 1
269 502 159 1
270 518 167 1
271 508 140 1
272 524 149 1
273 541 157 1
274 530 131 1
275 547 139 1
276 563 147 1
277 553 121 1
278 570 129 1
279 586 137 1
280 576 111 1
281 592 119 1
282 609 127 1
283 599 101 1
284 615 109 1
285 631 117 1
286 622 91 1
287 638 99 1
288 654 107 1
289 644 81 1
290 661 89 1
291 677 97 1
292 667 71 1
293 683 79 1
294 699 87 1
295 690 61 1
296 706 69 1
297 722 77 1
298 713 51 1
299 729 59 1
300 745 67 1
301 736 41 1
302 752 49 1
303 767 58 1
304 759 31 1
305 776 40 1
306 788 53 1
307 789 25 1
308 803 40 1
309 815 53 1
310 820 26 1
311 831 44 1
312 839 60 1
313 846 32 1
314 854 50 1
315 863 67 1
316 869 39 1
317 878 57 1
318 887 74 1
319 893 46 1
320 902 64 1
321 911 81 1
322 917 53 1
323 926 71 1
324 935 88 1
325 941 60 1
326 950 78 1
327 959 95 1
328 965 67 1
329 974 85 1
330 983 102 1
331 989 74 1
332 998 92 1
333 1007 109 1
334 1013 81 1
335 1022 99 1
336 1031 116 1
337 1037 88 1
338 1046 106 1
339 1056 124 1
340 1061 95 1
341 1070 113 1
342 1079 131 6
343 1085 103 1
344 1097 121 6
345 1104 135 6
346 1129 127 6
347 1122 118 6
348 1116 103 6
349 1132 84 6
350 1147 109 6
351 1141 96 6
352 1157 73 6
353 1168 84 6
354 1172 96 6
355 1181 71 6
356 1191 85 6
357 1206 75 6
358 1197 101 6
359 1213 93 6
360 1230 84 6
361 1220 109 6
362 1235 101 6
363 1254 92 6
364 1241 117 6
365 1258 109 6
366 1273 100 6
367 1265 124 6
368 1283 116 6
369 1296 107 6
370 1286 131 6
371 1305 125 6
372 1319 116 6
373 1309 139 6
374 1324 133 6
375 1341 124 6
376 1331 148 6
377 1349 142 6
378 1362 133 6
379 1376 152 6
380 1376 176 6
381 1365 164 6
382 1366 194 6
383 1351 163 6
384 1353 187 6
385 1345 206 6
386 1333 180 1
387 1327 198 1
388 1319 218 1
389 1310 188 1
390 1304 206 1
391 1296 226 1
392 1287 197 1
393 1281 214 1
394 1273 234 1
395 1263 206 1
396 1257 223 1
397 1249 241 1
398 1240 214 1
399 1234 231 1
400 1172 218 7
401 1152 221 7
402 1129 229 7
403 1107 238 7
404 1082 248 7
405 1060 256 7
406 1034 267 7
407 1011 274 7
408 988 284 7
409 964 291 7
410 941 301 7
411 918 308 7
412 894 315 7
413 874 327 7
414 1226 251 1
415 1217 222 1
416 1210 240 1
417 1203 259 1
418 1193 232 1
419 1187 248 1
420 1179 267 1
421 1170 239 1
422 1163 257 1
423 1156 275 1
424 1146 248 1
425 1140 265 1
426 1133 284 1
427 1123 257 1
428 1117 273 1
429 1109 292 1
430 1100 265 1
431 1093 282 1
432 1086 300 1
433 1076 273 1
434 1070 290 1
435 1063 308 1
436 1053 282 1
437 1046 299 1
438 1040 319 1
439 1030 290 1
440 1023 307 1
441 1016 325 1
442 1006 299 1
443 999 316 1
444 993 333 1
445 984 308 1
446 976 324 1
447 970 343 1
448 959 316 1
449 952 333 1
450 946 349 1
451 937 325 1

0 1
0 2
0 3
1 3
1 4
2 3
2 5
3 4
3 5
3 6
4 6
4 7
5 6
5 8
6 7
6 8
6 9
7 9
7 10
8 9
8 11
9 10
9 11
9 12
10 12
10 13
11 12
11 14
12 15
12 13
12 14
13 15
13 16
14 15
14 17
15 16
15 17
15 18
16 18
16 19
17 18
17 20
18 21
19 21
19 22
20 25
21 24
21 25
22 23
22 24
23 27
24 27
24 28
25 26
25 28
26 29
27 32
28 32
28 30
29 31
29 30
30 34
31 33
31 34
32 35
33 36
33 37
34 35
34 37
35 39
36 38
37 39
37 40
38 40
38 41
39 42
40 42
40 43
41 43
41 44
42 43
42 45
43 44
43 45
43 46
44 47
44 46
45 48
45 46
46 47
46 48
46 49
47 49
47 50
48 49
48 51
49 50
49 51
49 52
50 52
50 53
51 52
51 54
52 53
52 54
52 55
53 55
53 56
54 55
54 57
55 56
55 57
55 58
56 58
56 59
57 58
57 60
58 59
58 60
58 61
59 61
59 62
60 63
60 61
61 63
61 64
61 62
62 64
62 65
63 64
63 66
64 65
64 66
64 67
65 67
65 68
66 67
66 69
67 70
68 70
68 71
69 75
70 73
70 75
71 72
71 73
72 74
73 76
74 76
74 77
75 78
76 79
76 78
77 79
77 81
78 79
78 80
79 80
79 81
79 82
80 82
80 83
81 82
81 84
82 83
82 84
82 85
83 85
83 86
84 85
84 87
85 88
86 88
86 89
87 93
88 91
88 93
89 90
89 91
90 92
91 94
92 95
92 94
93 96
94 96
94 97
95 97
95 98
96 97
96 99
97 98
97 99
97 100
98 100
98 101
99 100
99 102
100 101
100 102
100 103
101 103
101 104
102 103
102 105
103 104
103 105
103 106
104 106
104 107
105 106
105 108
106 107
106 108
106 109
107 109
107 110
108 111
108 109
109 111
109 112
109 110
110 112
110 113
111 112
111 114
112 113
112 114
112 115
113 115
113 116
114 115
114 117
115 116
115 117
115 118
116 118
116 119
117 118
117 120
118 119
118 120
118 121
119 121
119 122
120 121
120 123
121 122
121 123
121 124
122 124
122 125
123 124
123 126
124 127
124 125
124 126
125 127
125 128
126 127
126 129
127 128
127 129
127 130
128 130
128 131
129 130
129 132
130 131
130 132
130 133
131 133
131 134
132 133
132 135
133 134
133 135
133 136
134 136
134 137
135 136
135 138
136 139
137 139
137 140
138 141
139 141
139 142
140 143
140 142
141 146
142 144
142 146
143 144
143 145
144 148
145 147
145 148
146 152
147 149
148 150
148 152
149 150
149 151
150 154
151 153
151 154
152 156
153 155
154 156
154 157
155 157
155 158
156 159
157 159
157 160
158 160
158 161
159 162
160 162
160 163
161 163
161 165
162 163
162 164
163 164
163 165
163 166
164 166
164 167
165 166
165 168
166 167
166 168
166 169
167 169
167 170
168 169
168 171
169 170
169 171
169 172
170 172
170 173
171 172
171 174
172 175
172 173
172 174
173 175
173 176
174 175
174 177
175 176
175 177
175 178
176 178
176 179
177 178
177 180
178 179
178 180
178 181
179 181
179 182
180 181
180 183
181 182
181 183
181 184
182 184
182 185
183 184
183 186
184 188
185 187
185 188
186 190
187 191
187 189
188 191
188 190
189 192
190 193
191 193
191 194
192 194
192 195
193 194
193 196
194 195
194 196
194 197
195 197
195 198
196 197
196 199
197 198
197 199
197 200
198 200
198 201
199 200
199 202
200 201
200 202
200 203
201 203
201 204
202 203
202 205
203 204
203 205
203 206
204 207
204 206
205 208
205 206
206 207
206 208
206 209
207 209
207 210
208 209
208 211
209 210
209 211
209 212
210 212
210 213
211 212
211 214
212 213
212 214
212 215
213 215
213 216
214 215
214 217
215 216
215 217
215 218
216 218
216 219
217 218
217 220
218 219
218 220
218 221
219 221
219 222
220 223
220 221
221 223
221 224
221 222
222 224
222 225
223 224
223 226
224 225
224 226
224 227
225 227
225 228
226 227
226 229
227 228
227 229
227 230
228 230
228 231
229 230
229 232
230 231
230 232
230 233
231 233
231 234
232 233
232 235
233 236
234 236
234 237
235 241
236 239
236 241
237 239
237 238
238 240
239 242
240 242
240 243
241 244
242 244
242 245
243 245
243 247
244 245
244 246
245 246
245 247
245 248
246 248
246 249
247 248
247 250
248 249
248 250
248 251
249 251
249 252
250 251
250 253
251 252
251 253
251 254
252 255
252 254
253 256
253 254
254 257
255 257
255 258
256 260
257 260
257 261
258 259
258 261
259 262
260 265
261 263
261 265
262 263
262 264
263 266
264 266
264 267
265 268
266 268
266 269
267 271
267 269
268 269
268 270
269 271
269 272
269 270
270 272
270 273
271 272
271 274
272 273
272 274
272 275
273 275
273 276
274 275
274 277
275 276
275 277
275 278
276 278
276 279
277 278
277 280
278 279
278 280
278 281
279 281
279 282
280 281
280 283
281 282
281 283
281 284
282 284
282 285
283 284
283 286
284 287
284 285
284 286
285 287
285 288
286 287
286 289
287 288
287 289
287 290
288 290
288 291
289 290
289 292
290 291
290 292
290 293
291 293
291 294
292 293
292 295
293 294
293 295
293 296
294 296
294 297
295 296
295 298
296 297
296 298
296 299
297 299
297 300
298 299
298 301
299 300
299 301
299 302
300 303
300 302
301 304
301 302
302 303
302 304
302 305
303 305
303 306
304 305
304 307
305 306
305 307
305 308
306 308
306 309
307 308
307 310
308 309
308 310
308 311
309 311
309 312
310 311
310 313
311 312
311 313
311 314
312 314
312 315
313 314
313 316
314 315
314 316
314 317
315 317
315 318
316 319
316 317
317 319
317 320
317 318
318 320
318 321
319 320
319 322
320 321
320 322
320 323
321 323
321 324
322 323
322 325
323 324
323 325
323 326
324 326
324 327
325 326
325 328
326 327
326 328
326 329
327 329
327 330
328 329
328 331
329 330
329 331
329 332
330 332
330 333
331 332
331 334
332 335
332 333
332 334
333 335
333 336
334 335
334 337
335 336
335 337
335 338
336 338
336 339
337 338
337 340
338 339
338 340
338 341
339 341
339 342
340 341
340 343
341 344
342 344
342 345
343 348
344 347
344 348
345 346
345 347
346 350
347 351
347 350
348 349
349 352
350 354
351 353
351 354
352 353
352 355
353 356
354 358
355 356
355 357
356 358
356 359
357 359
357 360
358 361
359 361
359 362
360 362
360 363
361 364
362 364
362 365
363 365
363 366
364 367
365 367
365 368
366 368
366 369
367 370
368 370
368 371
369 371
369 372
370 373
371 373
371 374
372 374
372 375
373 376
374 376
374 377
375 377
375 378
376 383
377 383
377 381
378 379
379 380
379 381
380 384
380 382
381 384
382 385
383 386
384 386
384 387
385 387
385 388
386 387
386 389
387 388
387 389
387 390
388 390
388 391
389 390
389 392
390 391
390 392
390 393
391 393
391 394
392 393
392 395
393 394
393 395
393 396
394 396
394 397
395 396
395 398
396 399
396 397
396 398
397 399
397 414
398 415
398 399
399 415
399 416
399 414
400 401
401 402
402 403
403 404
404 405
405 406
406 407
407 408
408 409
409 410
410 411
411 412
412 413
413 8
413 11
414 416
414 417
415 400
415 416
415 418
416 417
416 418
416 419
417 419
417 420
418 400
418 419
418 421
419 420
419 421
419 422
420 422
420 423
421 422
421 424
422 423
422 424
422 425
423 425
423 426
424 425
424 427
425 426
425 427
425 428
426 428
426 429
427 428
427 430
428 431
428 429
428 430
429 431
429 432
430 431
430 433
431 432
431 433
431 434
432 434
432 435
433 434
433 436
434 435
434 436
434 437
435 437
435 438
436 437
436 439
437 438
437 439
437 440
438 440
438 441
439 440
439 442
440 441
440 442
440 443
441 443
441 444
442 443
442 445
443 444
443 445
443 446
444 447
444 446
445 448
445 446
446 447
446 448
446 449
447 449
447 450
448 449
448 451
449 0
449 450
449 451
450 0
450 1
451 0
451 2

19 0.0
21 0.5
22 1.0
23 1.5
24 2.0
25 2.5
26 3.0
27 3.5
28 4.0
29 4.5
30 5.0
31 5.5
32 6.0
33 6.5
34 7.0
35 7.5
36 8.0
37 8.5
38 9.0
39 9.5
40 10.0
41 10.5
68 0.0
70 0.5
71 1.0
72 1.5
73 2.0
74 2.5
75 3.0
76 3.5
77 4.0
86 0.0
88 0.5
89 1.0
90 1.5
91 2.0
92 2.5
93 3.0
94 3.5
95 4.0
137 0.0
139 0.5
140 1.0
141 1.5
142 2.0
143 2.5
144 3.0
145 3.5
146 4.0
147 4.5
148 5.0
149 5.5
150 6.0
151 6.5
152 7.0
153 7.5
154 8.0
155 8.5
156 9.0
157 9.5
158 10.0
159 10.5
160 11.0
161 11.5
185 0.0
187 0.5
188 1.0
189 1.5
190 2.0
191 2.5
192 3.0
234 0.0
236 0.5
237 1.0
238 1.5
239 2.0
240 2.5
241 3.0
242 3.5
243 4.0
255 0.0
257 0.5
258 1.0
259 1.5
260 2.0
261 2.5
262 3.0
263 3.5
264 4.0
265 4.5
266 5.0
267 5.5
342 0.0
344 0.5
345 1.0
346 1.5
347 2.0
348 2.5
349 3.0
350 3.5
351 4.0
352 4.5
353 5.0
354 5.5
355 6.0
356 6.5
357 7.0
358 7.5
359 8.0
360 8.5
361 9.0
362 9.5
363 10.0
364 10.5
365 11.0
366 11.5
367 12.0
368 12.5
369 13.0
370 13.5
371 14.0
372 14.5
373 15.0
374 15.5
375 16.0
376 16.5
377 17.0
378 17.5
379 18.0
380 18.5
381 19.0
382 19.5
383 20.0
384 20.5
385 21.0
402 1.0
403 1.0
404 1.0
405 1.0
406 1.0
407 1.0
408 1.0
409 1.0
410 1.0
411 1.0

395 160.0
397 160.0
418 160.0
420 160.0
427 160.0
429 160.0
436 160.0
438 160.0
445 160.0
447 160.0
