paulricard.png 0
0 752 514 1 F
1 753 500 1 F
2 736 517 1 F
3 734 502 1
4 735 488 1
5 720 506 1
6 716 490 1
7 716 476 1
8 701 494 1
9 698 478 1
10 698 464 1
11 682 481 1
12 680 466 1
13 679 451 1
14 664 468 1
15 661 453 1
16 661 439 1
17 643 456 1
18 643 441 1
19 642 427 1
20 626 445 1
21 625 429 1
22 623 413 1
23 607 431 1
24 607 417 1
25 605 401 1
26 589 420 1
27 588 404 1
28 587 389 1
29 571 409 1
30 570 392 1
31 568 378 1
32 554 396 1
33 552 380 1
34 549 366 1
35 532 384 1
36 534 368 1
37 530 353 1
38 516 371 1
39 515 355 1
40 512 339 3
41 496 356 1
42 497 343 3
43 490 329 3
44 479 346 3
45 473 332 3
46 462 319 3
47 461 341 3
48 446 330 3
49 436 320 3
50 439 343 1
51 425 332 1
52 413 345 1
53 412 322 1
54 399 330 1
55 383 341 1
56 389 318 1
57 373 326 1
58 354 334 1
59 364 312 1
60 347 318 1
61 329 322 1
62 341 303 1
63 325 306 1
64 307 308 1
65 324 292 1
66 306 294 1
67 289 297 1
68 305 277 1
69 287 280 1
70 271 285 1
71 286 267 1
72 269 268 1
73 253 273 1
74 264 255 1
75 248 261 1
76 233 265 1
77 243 247 1
78 229 253 1
79 213 256 1
80 224 239 1
81 208 244 1
82 192 247 1
83 205 228 1
84 190 232 1
85 170 238 6
86 186 219 1
87 169 223 6
88 155 229 6
89 141 214 6
90 166 207 6
91 154 207 6
92 137 193 6
93 161 188 6
94 150 188 6
95 155 167 6
96 145 170 6
97 134 174 6
98 137 150 6
99 124 159 6
100 113 171 6
101 113 150 6
102 100 160 6
103 87 171 6
104 68 158 6
105 80 152 6
106 89 145 6
107 61 138 6
108 74 132 6
109 68 118 6
110 91 124 6
111 84 111 6
112 77 99 6
113 93 85 6
114 100 108 6
115 97 96 6
116 115 80 6
117 119 103 6
118 118 93 6
119 136 86 6
120 139 100 6
121 138 114 6
122 154 98 6
123 153 113 6
124 152 127 6
125 170 115 6
126 171 132 6
127 167 144 6
128 187 132 6
129 183 152 6
130 177 165 6
131 197 154 1
132 193 168 1
133 208 171 1
134 187 182 1
135 205 185 1
136 222 183 1
137 205 200 1
138 222 197 1
139 240 193 1
140 227 211 1
141 244 205 1
142 261 200 1
143 251 220 1
144 265 212 1
145 283 207 1
146 273 227 1
147 287 219 1
148 303 213 1
149 294 234 1
150 308 226 1
151 323 220 1
152 316 241 1
153 330 233 1
154 347 227 1
155 337 248 1
156 352 241 1
157 369 235 1
158 359 255 1
159 373 248 1
160 391 242 1
161 381 262 1
162 395 255 1
163 411 250 1
164 402 269 1
165 416 262 1
166 434 257 1
167 424 276 1
168 438 270 1
169 455 264 1
170 445 283 1
171 460 277 1
172 476 271 1
173 467 290 1
174 481 284 1
175 497 278 1
176 489 298 1
177 503 291 1
178 519 285 1
179 510 305 1
180 525 299 1
181 541 292 1
182 532 312 1
183 546 306 1
184 561 299 1
185 553 319 1
186 568 313 1
187 584 307 1
188 575 326 1
189 589 320 1
190 607 314 1
191 597 333 1
192 611 328 1
193 630 322 1
194 618 340 1
195 633 335 1
196 651 329 1
197 640 347 1
198 654 342 1
199 671 336 1
200 661 354 1
201 676 349 1
202 692 343 1
203 683 361 1
204 698 357 1
205 715 350 2
206 705 369 1
207 722 363 2
208 738 359 2
209 728 378 2
210 740 375 2
211 752 374 2
212 741 396 2
213 753 393 2
214 758 408 2
215 781 413 2
216 776 401 2
217 774 391 2
218 801 408 2
219 801 395 2
220 797 383 2
221 819 394 2
222 819 379 2
223 816 367 2
224 837 383 2
225 843 361 2
226 845 372 2
227 857 389 2
228 869 370 2
229 869 386 2
230 871 403 2
231 886 387 2
232 887 403 2
233 890 419 2
234 907 402 1
235 907 416 1
236 925 415 1
237 910 431 1
238 927 429 1
239 945 425 1
240 931 443 1
241 950 438 1
242 966 433 1
243 956 453 1
244 973 447 1
245 987 440 1
246 977 460 1
247 994 454 1
248 1009 447 1
249 999 467 1
250 1016 461 1
251 1031 454 1
252 1021 474 1
253 1037 468 1
254 1052 461 1
255 1043 481 1
256 1059 475 1
257 1074 468 1
258 1064 488 1
259 1081 482 1
260 1096 475 1
261 1086 495 1
262 1102 489 1
263 1117 482 1
264 1108 503 1
265 1124 497 1
266 1139 489 1
267 1130 510 1
268 1145 504 1
269 1161 496 1
270 1152 517 1
271 1167 511 1
272 1182 503 1
273 1173 524 1
274 1189 518 1
275 1204 510 1
276 1195 531 1
277 1210 525 1
278 1226 517 1
279 1217 538 1
280 1232 532 1
281 1248 525 1
282 1239 545 1
283 1254 540 1
284 1270 533 3
285 1261 553 1
286 1277 546 3
287 1291 541 3
288 1281 559 3
289 1297 556 3
290 1310 552 3
291 1298 572 3
292 1315 572 3
293 1325 567 3
294 1315 587 3
295 1340 583 3
296 1329 588 3
297 1347 602 3
298 1323 603 3
299 1336 609 3
300 1350 620 3
301 1323 623 1
302 1336 629 1
303 1350 640 1
304 1323 643 1
305 1336 650 1
306 1350 661 1
307 1324 664 1
308 1337 671 1
309 1350 682 1
310 1324 684 1
311 1337 692 1
312 1350 703 1
313 1324 704 1
314 1337 713 1
315 1350 724 1
316 1325 725 1
317 1338 734 1
318 1348 749 1
319 1323 742 1
320 1332 756 1
321 1335 774 1
322 1314 760 1
323 1318 775 1
324 1314 791 3
325 1301 773 1
326 1298 787 3
327 1285 802 3
328 1280 781 3
329 1274 792 3
330 1257 799 3
331 1261 779 3
332 1250 787 3
333 1236 794 3
334 1230 778 3
335 1220 781 3
336 1241 772 3
337 1210 762 3
338 1224 758 3
339 1214 741 3
340 1235 754 3
341 1229 740 3
342 1227 724 3
343 1245 739 1
344 1242 723 1
345 1260 722 1
346 1240 708 1
347 1255 708 1
348 1274 707 1
349 1255 692 1
350 1270 691 1
351 1288 689 3
352 1269 675 1
353 1285 674 3
354 1301 672 3
355 1282 657 3
356 1294 655 3
357 1307 650 3
358 1294 637 3
359 1303 630 3
360 1290 611 3
361 1282 637 3
362 1283 619 3
363 1269 600 3
364 1264 610 3
365 1245 601 3
366 1261 621 3
367 1242 614 3
368 1226 610 3
369 1237 629 1
370 1219 625 1
371 1202 616 1
372 1210 637 1
373 1194 631 1
374 1182 620 1
375 1184 641 1
376 1170 633 1
377 1158 620 1
378 1156 644 1
379 1145 632 1
380 1136 618 1
381 1129 640 1
382 1121 626 1
383 1115 611 1
384 1104 632 1
385 1098 616 1
386 1095 604 1
387 1080 623 1
388 1077 605 1
389 1075 591 2
390 1060 607 1
391 1057 591 2
392 1060 578 2
393 1040 594 2
394 1042 571 2
395 1037 580 2
396 1021 567 2
397 1015 577 2
398 1018 588 2
399 1000 571 2
400 996 584 2
401 984 580 2
402 998 598 2
403 969 593 2
404 979 599 2
405 985 615 2
406 962 611 2
407 973 619 2
408 982 636 2
409 966 651 2
410 963 638 2
411 940 650 2
412 958 631 2
413 939 637 2
414 921 641 2
415 937 620 1
416 920 626 1
417 919 611 1
418 903 628 1
419 902 614 1
420 900 598 1
421 886 617 1
422 883 601 1
423 869 557 7
424 864 539 7
425 846 523 7
426 826 513 7
427 806 502 7
428 786 492 7
429 766 482 7
430 745 472 7
431 725 461 7
432 708 449 7
433 687 439 7
434 669 429 7
435 651 422 7
436 882 586 1
437 867 605 1
438 864 589 1
439 863 574 1
440 848 592 1
441 845 576 1
442 845 562 1
443 830 580 1
444 826 564 1
445 826 549 1
446 811 568 1
447 807 551 1
448 807 536 1
449 792 556 1
450 788 539 1
451 789 526 1
452 773 543 1
453 769 526 1
454 769 512 1
455 755 530 1

0 1
0 2
0 3
1 3
1 4
2 3
2 5
3 4
3 5
3 6
4 6
4 7
5 6
5 8
6 7
6 8
6 9
7 9
7 10
8 9
8 11
9 10
9 11
9 12
10 12
10 13
11 12
11 14
12 15
12 13
12 14
13 15
13 16
14 15
14 17
15 16
15 17
15 18
16 18
16 19
17 18
17 20
18 19
18 20
18 21
19 21
19 22
20 21
20 23
21 22
21 23
21 24
22 24
22 25
23 24
23 26
24 25
24 26
24 27
25 27
25 28
26 27
26 29
27 28
27 29
27 30
28 31
28 30
29 32
29 30
30 31
30 32
30 33
31 33
31 34
32 33
32 35
33 34
33 35
33 36
34 36
34 37
35 36
35 38
36 37
36 38
36 39
37 39
37 40
38 39
38 41
39 42
40 43
41 44
42 45
43 46
44 47
45 48
46 49
47 50
48 50
48 51
49 51
49 53
50 51
50 52
51 52
51 53
51 54
52 54
52 55
53 54
53 56
54 55
54 56
54 57
55 57
55 58
56 57
56 59
57 58
57 59
57 60
58 60
58 61
59 60
59 62
60 63
60 61
60 62
61 63
61 64
62 63
62 65
63 64
63 65
63 66
64 66
64 67
65 66
65 68
66 67
66 68
66 69
67 69
67 70
68 69
68 71
69 70
69 71
69 72
70 72
70 73
71 72
71 74
72 73
72 74
72 75
73 75
73 76
74 75
74 77
75 76
75 77
75 78
76 79
76 78
77 80
77 78
78 79
78 80
78 81
79 81
79 82
80 81
80 83
81 82
81 83
81 84
82 84
82 85
83 84
83 86
84 86
84 87
85 87
85 88
86 90
87 90
87 91
88 89
88 91
89 92
90 93
91 93
91 94
92 97
93 95
93 94
94 96
94 97
95 96
95 98
96 99
97 100
98 99
98 101
99 100
99 102
100 102
100 103
101 106
102 105
102 106
103 104
103 105
104 107
105 108
106 110
107 108
107 109
108 111
108 110
109 111
109 112
110 114
111 114
111 115
112 113
112 115
113 116
114 117
115 117
115 118
116 118
116 119
117 121
118 120
119 120
119 122
120 121
120 123
121 124
122 123
122 125
123 124
123 126
124 127
125 128
125 126
126 127
126 129
127 130
128 129
128 131
129 131
129 132
130 132
130 134
131 132
131 133
132 133
132 134
132 135
133 135
133 136
134 135
134 137
135 136
135 137
135 138
136 138
136 139
137 138
137 140
138 139
138 140
138 141
139 141
139 142
140 143
140 141
141 143
141 144
141 142
142 144
142 145
143 144
143 146
144 145
144 146
144 147
145 147
145 148
146 147
146 149
147 148
147 149
147 150
148 150
148 151
149 150
149 152
150 151
150 152
150 153
151 153
151 154
152 153
152 155
153 154
153 155
153 156
154 156
154 157
155 156
155 158
156 159
156 157
156 158
157 159
157 160
158 159
158 161
159 160
159 161
159 162
160 162
160 163
161 162
161 164
162 163
162 164
162 165
163 165
163 166
164 165
164 167
165 166
165 167
165 168
166 168
166 169
167 168
167 170
168 169
168 170
168 171
169 171
169 172
170 171
170 173
171 172
171 173
171 174
172 175
172 174
173 176
173 174
174 175
174 176
174 177
175 177
175 178
176 177
176 179
177 178
177 179
177 180
178 180
178 181
179 180
179 182
180 181
180 182
180 183
181 183
181 184
182 183
182 185
183 184
183 185
183 186
184 186
184 187
185 186
185 188
186 187
186 188
186 189
187 189
187 190
188 191
188 189
189 191
189 192
189 190
190 192
190 193
191 192
191 194
192 193
192 194
192 195
193 195
193 196
194 195
194 197
195 196
195 197
195 198
196 198
196 199
197 198
197 200
198 199
198 200
198 201
199 201
199 202
200 201
200 203
201 202
201 203
201 204
202 204
202 205
203 204
203 206
204 207
205 207
205 208
206 209
207 209
207 210
208 210
208 211
209 212
210 212
210 213
211 217
212 213
212 214
213 216
213 217
214 215
214 216
215 218
216 219
217 220
218 219
218 221
219 220
219 222
220 223
220 222
221 224
221 222
222 224
222 226
223 225
223 226
224 227
225 228
226 227
226 229
227 230
228 229
228 231
229 230
229 232
230 232
230 233
231 234
232 234
232 235
233 235
233 237
234 235
234 236
235 236
235 237
235 238
236 239
236 238
237 240
237 238
238 239
238 240
238 241
239 241
239 242
240 241
240 243
241 242
241 243
241 244
242 244
242 245
243 244
243 246
244 245
244 246
244 247
245 247
245 248
246 247
246 249
247 248
247 249
247 250
248 250
248 251
249 250
249 252
250 251
250 252
250 253
251 253
251 254
252 255
252 253
253 255
253 256
253 254
254 256
254 257
255 256
255 258
256 257
256 258
256 259
257 259
257 260
258 259
258 261
259 260
259 261
259 262
260 262
260 263
261 262
261 264
262 263
262 264
262 265
263 265
263 266
264 265
264 267
265 266
265 267
265 268
266 268
266 269
267 268
267 270
268 271
268 269
268 270
269 271
269 272
270 271
270 273
271 272
271 273
271 274
272 274
272 275
273 274
273 276
274 275
274 276
274 277
275 277
275 278
276 277
276 279
277 278
277 279
277 280
278 280
278 281
279 280
279 282
280 281
280 282
280 283
281 283
281 284
282 283
282 285
283 286
284 287
284 286
285 288
286 288
286 289
287 289
287 290
288 291
289 291
289 292
290 292
290 293
291 294
292 294
292 296
293 295
293 296
294 298
295 297
296 298
296 299
297 299
297 300
298 301
299 301
299 302
300 303
300 302
301 304
301 302
302 303
302 304
302 305
303 305
303 306
304 305
304 307
305 306
305 307
305 308
306 308
306 309
307 308
307 310
308 309
308 310
308 311
309 311
309 312
310 311
310 313
311 312
311 313
311 314
312 314
312 315
313 314
313 316
314 315
314 316
314 317
315 317
315 318
316 319
316 317
317 319
317 320
317 318
318 320
318 321
319 320
319 322
320 321
320 322
320 323
321 323
321 324
322 323
322 325
323 326
324 326
324 327
325 328
326 328
326 329
327 329
327 330
328 331
329 331
329 332
330 332
330 333
331 336
332 336
332 334
333 335
333 334
334 338
335 337
335 338
336 340
337 339
338 340
338 341
339 341
339 342
340 343
341 343
341 344
342 344
342 346
343 344
343 345
344 345
344 346
344 347
345 347
345 348
346 347
346 349
347 348
347 349
347 350
348 351
348 350
349 352
349 350
350 353
351 353
351 354
352 355
353 355
353 356
354 356
354 357
355 361
356 358
356 361
357 358
357 359
358 362
359 360
359 362
360 363
361 366
362 364
362 366
363 364
363 365
364 367
365 367
365 368
366 369
367 370
368 371
369 370
369 372
370 371
370 372
370 373
371 373
371 374
372 373
372 375
373 374
373 375
373 376
374 376
374 377
375 376
375 378
376 377
376 378
376 379
377 379
377 380
378 379
378 381
379 380
379 381
379 382
380 383
380 382
381 384
381 382
382 383
382 384
382 385
383 385
383 386
384 385
384 387
385 386
385 387
385 388
386 388
386 389
387 388
387 390
388 391
389 392
390 393
391 393
391 395
392 394
392 395
393 398
394 396
395 397
396 399
396 397
397 400
398 402
399 400
399 401
400 402
400 404
401 403
401 404
402 405
403 406
404 405
404 407
405 407
405 408
406 412
407 410
407 412
408 409
408 410
409 411
410 413
411 413
411 414
412 415
413 415
413 416
414 416
414 418
415 416
415 417
416 417
416 418
416 419
417 419
417 420
418 419
418 421
419 420
419 421
419 422
420 436
420 422
421 437
421 422
422 436
422 437
422 438
423 424
424 425
425 426
426 427
427 428
428 429
429 430
430 431
431 432
432 433
433 434
434 435
435 19
435 22
436 438
436 439
436 423
437 438
437 440
438 439
438 440
438 441
439 423
439 441
439 442
440 441
440 443
441 442
441 443
441 444
442 444
442 445
443 444
443 446
444 447
444 445
444 446
445 447
445 448
446 447
446 449
447 448
447 449
447 450
448 450
448 451
449 450
449 452
450 451
450 452
450 453
451 453
451 454
452 453
452 455
453 0
453 454
453 455
454 0
454 1
455 0
455 2

40 0.0
42 0.5
43 1.0
44 1.5
45 2.0
46 2.5
47 3.0
48 3.5
49 4.0
85 0.0
87 0.5
88 1.0
89 1.5
90 2.0
91 2.5
92 3.0
93 3.5
94 4.0
95 4.5
96 5.0
97 5.5
98 6.0
99 6.5
100 7.0
101 7.5
102 8.0
103 8.5
104 9.0
105 9.5
106 10.0
107 10.5
108 11.0
109 11.5
110 12.0
111 12.5
112 13.0
113 13.5
114 14.0
115 14.5
116 15.0
117 15.5
118 16.0
119 16.5
120 17.0
121 17.5
122 18.0
123 18.5
124 19.0
125 19.5
126 20.0
127 20.5
128 21.0
129 21.5
130 22.0
205 0.0
207 0.5
208 1.0
209 1.5
210 2.0
211 2.5
212 3.0
213 3.5
214 4.0
215 4.5
216 5.0
217 5.5
218 6.0
219 6.5
220 7.0
221 7.5
222 8.0
223 8.5
224 9.0
225 9.5
226 10.0
227 10.5
228 11.0
229 11.5
230 12.0
231 12.5
232 13.0
233 13.5
284 0.0
286 0.5
287 1.0
288 1.5
289 2.0
290 2.5
291 3.0
292 3.5
293 4.0
294 4.5
295 5.0
296 5.5
297 6.0
298 6.5
299 7.0
300 7.5
324 0.0
326 0.5
327 1.0
328 1.5
329 2.0
330 2.5
331 3.0
332 3.5
333 4.0
334 4.5
335 5.0
336 5.5
337 6.0
338 6.5
339 7.0
340 7.5
341 8.0
342 8.5
351 0.0
353 0.5
354 1.0
355 1.5
356 2.0
357 2.5
358 3.0
359 3.5
360 4.0
361 4.5
362 5.0
363 5.5
364 6.0
365 6.5
366 7.0
367 7.5
368 8.0
389 0.0
391 0.5
392 1.0
393 1.5
394 2.0
395 2.5
396 3.0
397 3.5
398 4.0
399 4.5
400 5.0
401 5.5
402 6.0
403 6.5
404 7.0
405 7.5
406 8.0
407 8.5
408 9.0
409 9.5
410 10.0
411 10.5
412 11.0
413 11.5
414 12.0
425 1.0
426 1.0
427 1.0
428 1.0
429 1.0
430 1.0
431 1.0
432 1.0
433 1.0
434 1.0

401 145.0
402 145.0
409 180.0
412 180.0
418 215.0
420 215.0
440 215.0
442 215.0
449 215.0
451 215.0
