suzuka.png 1
0 1127 111 5
1 1137 96 5
2 1136 124 5
3 1149 111 1
4 1161 96 1
5 1162 125 1
6 1174 110 1
7 1187 98 1
8 1186 124 1
9 1198 111 1
10 1211 96 1
11 1211 124 1
12 1224 109 1
13 1235 96 1
14 1234 125 1
15 1249 109 1
16 1261 96 3
17 1260 125 1
18 1273 110 3
19 1287 97 3
20 1290 125 3
21 1315 104 3
22 1305 114 3
23 1337 119 3
24 1313 135 3
25 1333 137 3
26 1354 142 3
27 1334 159 3
28 1351 162 3
29 1370 169 3
30 1347 180 3
31 1365 187 3
32 1381 192 3
33 1372 209 3
34 1384 221 3
35 1355 207 3
36 1366 246 3
37 1360 235 3
38 1341 257 3
39 1346 228 3
40 1332 244 3
41 1315 259 3
42 1318 230 1
43 1304 240 1
44 1293 227 1
45 1290 255 1
46 1280 238 1
47 1270 222 1
48 1267 249 1
49 1256 233 1
50 1244 218 6
51 1241 245 1
52 1228 229 6
53 1217 216 6
54 1212 245 6
55 1188 222 6
56 1195 235 6
57 1166 239 6
58 1184 260 6
59 1172 252 6
60 1162 283 6
61 1151 271 6
62 1144 258 6
63 1129 290 6
64 1125 275 6
65 1114 257 6
66 1107 283 6
67 1099 264 6
68 1093 248 6
69 1083 273 6
70 1075 259 6
71 1068 238 6
72 1059 264 6
73 1049 247 6
74 1043 231 6
75 1033 259 6
76 1010 236 6
77 1014 255 6
78 1010 277 6
79 988 257 6
80 991 278 6
81 993 294 6
82 972 275 6
83 975 291 6
84 976 310 6
85 951 309 6
86 952 324 6
87 953 292 6
88 922 324 6
89 923 308 6
90 899 308 6
91 924 293 6
92 904 290 6
93 884 287 6
94 910 273 1
95 888 270 1
96 871 269 1
97 895 252 1
98 876 248 1
99 855 248 1
100 874 229 1
101 850 227 1
102 828 236 1
103 838 208 1
104 817 219 1
105 803 235 1
106 803 204 1
107 785 223 1
108 779 240 1
109 771 214 1
110 758 236 1
111 757 256 1
112 737 233 1
113 738 253 1
114 738 273 1
115 713 255 1
116 718 277 1
117 724 296 1
118 696 285 1
119 703 305 1
120 714 323 1
121 683 315 1
122 697 333 1
123 712 347 1
124 682 346 1
125 696 360 1
126 710 371 1
127 681 376 1
128 698 390 1
129 714 398 1
130 683 409 1
131 701 413 1
132 720 422 1
133 691 431 1
134 708 440 1
135 725 446 1
136 695 454 1
137 712 461 1
138 729 470 1
139 701 478 1
140 719 487 1
141 734 493 1
142 707 499 1
143 722 507 1
144 741 518 3
145 711 523 1
146 747 544 3
147 732 539 3
148 732 579 3
149 717 555 3
150 718 572 3
151 711 598 3
152 694 575 3
153 686 614 3
154 688 595 3
155 652 616 3
156 668 589 3
157 651 599 3
158 627 602 3
159 575 537 1
160 561 541 1
161 559 525 1
162 540 548 1
163 541 530 1
164 537 510 1
165 521 537 1
166 519 518 1
167 517 497 1
168 501 523 1
169 496 503 1
170 493 483 1
171 474 505 1
172 471 483 1
173 472 463 1
174 448 478 1
175 450 455 1
176 461 439 1
177 432 448 1
178 443 431 1
179 453 416 3
180 426 420 1
181 442 388 3
182 431 397 3
183 414 375 3
184 401 389 3
185 383 383 3
186 368 409 3
187 404 402 3
188 383 415 3
189 374 439 3
190 403 431 1
191 391 447 1
192 383 462 1
193 410 454 1
194 399 470 1
195 390 486 1
196 417 478 1
197 407 493 1
198 398 509 1
199 424 503 1
200 415 520 1
201 402 535 1
202 433 532 1
203 416 547 1
204 404 561 1
205 433 564 1
206 416 575 1
207 399 585 1
208 428 594 1
209 409 604 1
210 389 609 1
211 417 623 1
212 396 628 1
213 374 629 1
214 399 652 1
215 377 651 1
216 359 648 1
217 374 672 1
218 358 668 1
219 336 665 1
220 355 689 1
221 339 685 1
222 318 684 1
223 337 707 1
224 319 701 1
225 301 701 1
226 320 723 1
227 300 719 1
228 280 718 1
229 295 740 1
230 275 735 1
231 253 729 1
232 261 754 1
233 240 746 1
234 224 731 1
235 222 760 1
236 204 744 1
237 196 727 1
238 190 755 1
239 180 738 1
240 172 723 1
241 165 749 1
242 153 731 1
243 146 715 2
244 140 741 1
245 130 725 2
246 124 710 2
247 113 735 2
248 104 719 2
249 97 706 2
250 73 711 2
251 78 722 2
252 83 736 2
253 49 729 2
254 55 742 2
255 65 753 2
256 36 749 2
257 45 764 2
258 27 773 2
259 54 781 2
260 37 789 2
261 21 797 2
262 21 830 2
263 33 817 2
264 46 807 2
265 37 851 2
266 52 843 2
267 70 859 2
268 62 829 2
269 83 845 2
270 99 858 2
271 93 830 1
272 108 842 1
273 118 826 1
274 124 853 1
275 133 838 1
276 141 822 1
277 147 850 1
278 158 831 1
279 168 814 1
280 175 845 1
281 180 828 1
282 192 811 1
283 199 841 1
284 209 823 1
285 213 806 1
286 219 834 1
287 231 818 1
288 241 801 1
289 249 829 1
290 257 811 1
291 265 794 1
292 274 822 1
293 281 804 1
294 292 783 1
295 300 813 1
296 308 791 1
297 311 773 1
298 329 800 1
299 333 778 1
300 338 757 1
301 354 783 1
302 357 762 1
303 359 743 1
304 376 766 1
305 377 748 1
306 376 728 1
307 394 751 1
308 396 732 1
309 398 712 1
310 416 735 1
311 416 715 1
312 417 697 1
313 437 718 1
314 435 701 1
315 436 678 1
316 457 703 1
317 453 685 1
318 456 663 1
319 476 686 1
320 474 668 1
321 475 650 1
322 494 669 1
323 497 652 1
324 496 632 1
325 515 655 1
326 515 639 1
327 515 618 1
328 533 641 1
329 533 624 1
330 534 603 1
331 555 625 1
332 551 608 1
333 554 586 1
334 573 610 1
335 570 593 1
336 573 572 1
337 591 594 1
338 592 579 1
339 592 558 1
340 611 579 1
341 610 560 1
342 611 541 1
343 628 565 1
344 630 543 1
345 629 524 1
346 652 540 1
347 650 518 1
348 637 498 1
349 664 499 1
350 650 485 1
351 634 472 1
352 663 469 1
353 646 456 1
354 630 450 1
355 660 443 1
356 644 433 1
357 630 423 1
358 658 422 1
359 640 408 1
360 625 401 1
361 655 394 1
362 637 385 1
363 625 372 1
364 652 371 1
365 637 361 1
366 621 347 1
367 651 348 1
368 633 337 1
369 617 326 1
370 647 322 1
371 630 313 1
372 617 305 1
373 643 298 1
374 629 288 1
375 613 276 2
376 641 276 1
377 628 260 2
378 613 253 2
379 626 227 2
380 640 234 2
381 646 244 2
382 651 215 2
383 671 227 2
384 686 237 2
385 676 202 2
386 704 211 2
387 693 197 2
388 683 170 2
389 711 180 2
390 705 160 2
391 702 136 2
392 726 157 2
393 725 137 2
394 732 113 2
395 743 139 2
396 748 120 2
397 759 101 2
398 769 126 1
399 778 112 1
400 793 96 1
401 795 123 1
402 804 110 1
403 853 145 7
404 879 145 7
405 903 144 7
406 926 146 7
407 953 143 7
408 979 144 7
409 1006 144 7
410 1029 145 7
411 1055 143 7
412 1076 144 7
413 1101 146 7
414 1127 144 7
415 1151 144 7
416 1176 144 7
417 820 95 1
418 819 125 1
419 833 110 1
420 843 95 1
421 843 123 1
422 858 109 1
423 867 96 1
424 866 123 1
425 882 108 1
426 892 95 1
427 889 123 1
428 900 108 1
429 917 94 1
430 916 124 1
431 930 110 1
432 941 96 1
433 941 124 1
434 956 109 1
435 968 93 1
436 965 123 1
437 978 109 1
438 991 96 1
439 991 124 1
440 1003 109 1
441 1015 96 1
442 1015 123 1
443 1031 109 1
444 1039 95 1
445 1039 123 1
446 1051 109 1
447 1063 95 1
448 1064 124 1
449 1075 109 1
450 1088 96 1
451 1091 123 1
452 1099 108 1
453 1113 96 1
454 1113 124 1

0 1
0 2
0 3
1 3
1 4
2 3
2 5
3 4
3 5
3 6
4 6
4 7
5 6
5 8
6 7
6 8
6 9
7 9
7 10
8 9
8 11
9 10
9 11
9 12
10 12
10 13
11 12
11 14
12 15
12 13
12 14
13 15
13 16
14 15
14 17
15 18
16 18
16 19
17 20
18 20
18 22
19 21
19 22
20 24
21 23
22 24
22 25
23 25
23 26
24 27
25 27
25 28
26 28
26 29
27 30
28 31
28 30
29 31
29 32
30 35
31 33
31 35
32 33
32 34
33 37
34 36
34 37
35 39
36 38
37 39
37 40
38 40
38 41
39 42
40 42
40 43
41 43
41 45
42 43
42 44
43 44
43 45
43 46
44 47
44 46
45 48
45 46
46 47
46 48
46 49
47 49
47 50
48 49
48 51
49 52
50 52
50 53
51 54
52 54
52 56
53 55
53 56
54 58
55 57
56 58
56 59
57 59
57 62
58 59
58 60
59 61
59 62
60 63
60 61
61 64
62 65
63 64
63 66
64 65
64 67
65 68
66 67
66 69
67 68
67 70
68 70
68 71
69 70
69 72
70 72
70 73
71 73
71 74
72 75
73 75
73 77
74 76
74 77
75 78
76 79
77 80
77 78
78 81
79 80
79 82
80 81
80 83
81 83
81 84
82 83
82 87
83 85
83 87
84 85
84 86
85 89
86 88
86 89
87 91
88 90
89 91
89 92
90 92
90 93
91 94
92 95
92 94
93 95
93 96
94 95
94 97
95 96
95 97
95 98
96 98
96 99
97 98
97 100
98 99
98 100
98 101
99 101
99 102
100 101
100 103
101 102
101 103
101 104
102 104
102 105
103 104
103 106
104 105
104 106
104 107
105 107
105 108
106 107
106 109
107 108
107 109
107 110
108 111
108 110
109 112
109 110
110 111
110 112
110 113
111 113
111 114
112 113
112 115
113 114
113 115
113 116
114 116
114 117
115 116
115 118
116 117
116 118
116 119
117 119
117 120
118 119
118 121
119 120
119 121
119 122
120 122
120 123
121 122
121 124
122 123
122 124
122 125
123 125
123 126
124 127
124 125
125 127
125 128
125 126
126 128
126 129
127 128
127 130
128 129
128 130
128 131
129 131
129 132
130 131
130 133
131 132
131 133
131 134
132 134
132 135
133 134
133 136
134 135
134 136
134 137
135 137
135 138
136 137
136 139
137 138
137 139
137 140
138 140
138 141
139 140
139 142
140 143
140 141
140 142
141 144
142 143
142 145
143 147
144 146
144 147
145 149
146 148
147 149
147 150
148 150
148 151
149 152
150 152
150 154
151 153
151 154
152 156
153 155
154 156
154 157
155 157
155 158
156 159
157 159
157 160
158 160
158 162
159 160
159 161
160 161
160 162
160 163
161 163
161 164
162 163
162 165
163 164
163 165
163 166
164 166
164 167
165 166
165 168
166 167
166 168
166 169
167 169
167 170
168 169
168 171
169 170
169 171
169 172
170 172
170 173
171 172
171 174
172 175
172 173
172 174
173 175
173 176
174 175
174 177
175 176
175 177
175 178
176 178
176 179
177 178
177 180
178 182
179 181
179 182
180 187
181 183
182 184
182 187
183 184
183 185
184 188
185 186
185 188
186 189
187 190
188 191
188 190
189 191
189 192
190 191
190 193
191 192
191 193
191 194
192 194
192 195
193 194
193 196
194 195
194 196
194 197
195 197
195 198
196 197
196 199
197 198
197 199
197 200
198 200
198 201
199 200
199 202
200 201
200 202
200 203
201 203
201 204
202 203
202 205
203 204
203 205
203 206
204 207
204 206
205 208
205 206
206 207
206 208
206 209
207 209
207 210
208 209
208 211
209 210
209 211
209 212
210 212
210 213
211 212
211 214
212 213
212 214
212 215
213 215
213 216
214 215
214 217
215 216
215 217
215 218
216 218
216 219
217 218
217 220
218 219
218 220
218 221
219 221
219 222
220 223
220 221
221 223
221 224
221 222
222 224
222 225
223 224
223 226
224 225
224 226
224 227
225 227
225 228
226 227
226 229
227 228
227 229
227 230
228 230
228 231
229 230
229 232
230 231
230 232
230 233
231 233
231 234
232 233
232 235
233 234
233 235
233 236
234 236
234 237
235 236
235 238
236 239
236 237
236 238
237 239
237 240
238 239
238 241
239 240
239 241
239 242
240 242
240 243
241 242
241 244
242 245
243 245
243 246
244 247
245 247
245 248
246 248
246 249
247 252
248 251
248 252
249 250
249 251
250 253
251 254
252 255
253 256
253 254
254 255
254 257
255 259
256 257
256 258
257 259
257 260
258 260
258 261
259 264
260 263
260 264
261 262
261 263
262 265
263 266
264 268
265 266
265 267
266 268
266 269
267 269
267 270
268 271
269 271
269 272
270 272
270 274
271 272
271 273
272 273
272 274
272 275
273 275
273 276
274 275
274 277
275 276
275 277
275 278
276 278
276 279
277 278
277 280
278 279
278 280
278 281
279 281
279 282
280 281
280 283
281 282
281 283
281 284
282 284
282 285
283 284
283 286
284 287
284 285
284 286
285 287
285 288
286 287
286 289
287 288
287 289
287 290
288 290
288 291
289 290
289 292
290 291
290 292
290 293
291 293
291 294
292 293
292 295
293 294
293 295
293 296
294 296
294 297
295 296
295 298
296 297
296 298
296 299
297 299
297 300
298 299
298 301
299 300
299 301
299 302
300 303
300 302
301 304
301 302
302 303
302 304
302 305
303 305
303 306
304 305
304 307
305 306
305 307
305 308
306 308
306 309
307 308
307 310
308 309
308 310
308 311
309 311
309 312
310 311
310 313
311 312
311 313
311 314
312 314
312 315
313 314
313 316
314 315
314 316
314 317
315 317
315 318
316 319
316 317
317 319
317 320
317 318
318 320
318 321
319 320
319 322
320 321
320 322
320 323
321 323
321 324
322 323
322 325
323 324
323 325
323 326
324 326
324 327
325 326
325 328
326 327
326 328
326 329
327 329
327 330
328 329
328 331
329 330
329 331
329 332
330 332
330 333
331 332
331 334
332 335
332 333
332 334
333 335
333 336
334 335
334 337
335 336
335 337
335 338
336 338
336 339
337 338
337 340
338 339
338 340
338 341
339 341
339 342
340 341
340 343
341 342
341 343
341 344
342 344
342 345
343 344
343 346
344 345
344 346
344 347
345 347
345 348
346 347
346 349
347 348
347 349
347 350
348 351
348 350
349 352
349 350
350 351
350 352
350 353
351 353
351 354
352 353
352 355
353 354
353 355
353 356
354 356
354 357
355 356
355 358
356 357
356 358
356 359
357 359
357 360
358 359
358 361
359 360
359 361
359 362
360 362
360 363
361 362
361 364
362 363
362 364
362 365
363 365
363 366
364 367
364 365
365 367
365 368
365 366
366 368
366 369
367 368
367 370
368 369
368 370
368 371
369 371
369 372
370 371
370 373
371 372
371 373
371 374
372 374
372 375
373 374
373 376
374 377
375 377
375 378
376 381
377 380
377 381
378 379
378 380
379 382
380 383
381 383
381 384
382 385
383 385
383 387
384 386
385 388
386 387
386 389
387 388
387 390
388 390
388 391
389 392
390 392
390 393
391 393
391 394
392 395
393 395
393 396
394 396
394 397
395 398
396 399
396 398
397 399
397 400
398 399
398 401
399 400
399 401
399 402
400 417
400 402
401 402
401 418
402 417
402 418
402 419
403 404
404 405
405 406
406 407
407 408
408 409
409 410
410 411
411 412
412 413
413 414
414 415
415 416
416 8
416 11
417 419
417 420
418 419
418 403
418 421
419 420
419 421
419 422
420 422
420 423
421 403
421 422
421 424
422 423
422 424
422 425
423 425
423 426
424 425
424 427
425 426
425 427
425 428
426 428
426 429
427 428
427 430
428 431
428 429
428 430
429 431
429 432
430 431
430 433
431 432
431 433
431 434
432 434
432 435
433 434
433 436
434 435
434 436
434 437
435 437
435 438
436 437
436 439
437 438
437 439
437 440
438 440
438 441
439 440
439 442
440 441
440 442
440 443
441 443
441 444
442 443
442 445
443 444
443 445
443 446
444 447
444 446
445 448
445 446
446 447
446 448
446 449
447 449
447 450
448 449
448 451
449 450
449 451
449 452
450 452
450 453
451 452
451 454
452 0
452 453
452 454
453 0
453 1
454 0
454 2

16 0.0
18 0.5
19 1.0
20 1.5
21 2.0
22 2.5
23 3.0
24 3.5
25 4.0
26 4.5
27 5.0
28 5.5
29 6.0
30 6.5
31 7.0
32 7.5
33 8.0
34 8.5
35 9.0
36 9.5
37 10.0
38 10.5
39 11.0
40 11.5
41 12.0
50 0.0
52 0.5
53 13.5
54 14.0
55 14.5
56 15.0
57 15.5
58 16.0
59 16.5
60 17.0
61 17.5
62 18.0
63 18.5
64 19.0
65 19.5
66 20.0
67 20.5
68 21.0
69 21.5
70 22.0
71 22.5
72 23.0
73 23.5
74 24.0
75 24.5
76 25.0
77 25.5
78 26.0
79 26.5
80 27.0
81 27.5
82 28.0
83 28.5
84 29.0
85 29.5
86 30.0
87 30.5
88 31.0
89 31.5
90 32.0
91 32.5
92 33.0
93 33.5
144 0.0
146 0.5
147 1.0
148 1.5
149 2.0
150 2.5
151 3.0
152 3.5
153 4.0
154 4.5
155 5.0
156 5.5
157 6.0
158 6.5
179 0.0
181 0.5
182 1.0
183 1.5
184 2.0
185 2.5
186 3.0
187 3.5
188 4.0
189 4.5
243 0.0
245 0.5
246 1.0
247 1.5
248 2.0
249 2.5
250 3.0
251 3.5
252 4.0
253 4.5
254 5.0
255 6.0
256 6.5
257 7.0
258 7.5
259 8.0
260 9.0
261 9.5
262 10.0
263 10.5
264 11.0
265 11.5
266 12.0
267 12.5
268 13.0
269 13.5
270 14.0
375 0.0
377 0.5
378 1.0
379 1.5
380 2.0
381 2.5
382 3.0
383 3.5
384 4.0
385 4.5
386 5.0
387 5.5
388 6.0
389 6.5
390 7.0
391 7.5
392 8.0
393 8.5
394 9.0
395 9.5
396 10.0
397 10.5
405 1.0
406 1.0
407 1.0
408 1.0
409 1.0
410 1.0
411 1.0
412 1.0
413 1.0
414 1.0

398 355.0
400 0.0
421 0.0
423 0.0
430 0.0
432 0.0
439 0.0
441 0.0
448 0.0
450 0.0
