sebring.jpg 0
0 641 255 1
1 657 252 1
2 672 247 1
3 664 267 1
4 647 271 1
5 653 288 1
6 632 275 1
7 637 291 1
8 643 304 1
9 621 292 1
10 607 308 1
11 626 307 1
12 627 323 1
13 610 325 1
14 593 322 1
15 611 342 1
16 594 340 1
17 577 337 1
18 560 349 1
19 544 359 1
20 526 369 1
21 505 377 1
22 487 383 1
23 465 387 1
24 314 389 1
25 295 390 1
26 272 389 1
27 250 390 1
28 229 390 1
29 208 390 1
30 577 351 1
31 593 355 1
32 574 370 1
33 445 388 1
34 424 388 1
35 401 388 1
36 380 388 1
37 359 388 1
38 336 388 1
39 560 364 1
40 520 383 1
41 498 390 1
42 478 396 1
43 455 399 1
44 433 400 1
45 411 400 1
46 389 400 1
47 369 400 1
48 347 400 1
49 325 401 1
50 302 400 1
51 282 399 1
52 260 400 1
53 239 400 1
54 217 401 1
55 555 379 1
56 541 374 1
57 534 390 1
58 515 398 1
59 491 404 1
60 468 409 1
61 445 411 1
62 424 412 1
63 401 412 1
64 379 412 1
65 357 413 1
66 338 412 1
67 315 412 1
68 294 412 1
69 270 413 1
70 249 412 1
71 227 414 1
72 205 413 2
73 196 402 2
74 183 387 2
75 187 413 2
76 162 408 2
77 145 390 2
78 140 367 2
79 149 345 2
80 166 330 2
81 175 307 2
82 186 285 2
83 199 269 2
84 170 398 2
85 154 379 2
86 160 353 2
87 181 330 2
88 188 307 2
89 200 287 2
90 180 352 2
91 194 329 2
92 203 302 2
93 218 286 1
94 231 269 1
95 247 255 1
96 264 242 1
97 282 231 1
98 300 223 1
99 319 218 1
100 340 215 1
101 363 213 1
102 387 210 1
103 410 202 1
104 431 189 1
105 450 175 1
106 468 157 1
107 481 140 1
108 495 123 1
109 509 104 1
110 523 89 1
111 215 268 1
112 231 253 1
113 248 238 1
114 266 225 1
115 286 214 1
116 306 206 1
117 328 204 1
118 351 202 1
119 373 199 1
120 393 194 1
121 415 185 1
122 432 173 1
123 450 158 1
124 464 141 1
125 479 122 1
126 507 89 1
127 493 106 1
128 231 236 1
129 250 221 1
130 269 210 1
131 292 200 1
132 316 193 1
133 339 192 1
134 360 189 1
135 381 186 1
136 399 181 1
137 418 169 1
138 434 156 1
139 448 140 1
140 462 122 1
141 477 106 1
142 492 88 1
143 505 72 1
144 214 253 1
145 519 74 1
146 538 72 1
147 553 57 3
148 537 53 3
149 518 57 3
150 537 37 3
151 565 34 3
152 565 46 3
153 587 47 3
154 607 60 1
155 589 63 1
156 574 65 1
157 589 79 1
158 611 94 1
159 635 105 1
160 663 109 1
161 689 105 1
162 712 97 1
163 735 90 1
164 757 83 1
165 778 79 1
166 801 79 1
167 823 78 1
168 848 78 1
169 609 77 1
170 629 91 1
171 651 97 1
172 673 95 1
173 697 89 1
174 721 82 1
175 741 75 1
176 763 68 1
177 789 66 1
178 813 67 1
179 836 66 1
180 626 73 1
181 642 81 1
182 663 84 1
183 683 81 1
184 707 74 1
185 728 67 1
186 749 58 1
187 775 53 1
188 799 53 1
189 822 53 1
190 845 55 3
191 872 58 3
192 893 80 3
193 859 68 3
194 868 86 3
195 881 86 3
196 896 103 3
197 869 106 1
198 882 115 1
199 896 127 1
200 871 128 1
201 871 146 1
202 870 169 1
203 871 191 1
204 871 213 1
205 871 233 1
206 871 255 1
207 871 276 1
208 870 297 1
209 871 319 1
210 871 339 1
211 872 360 1
212 874 382 1
213 880 404 1
214 888 426 1
215 899 447 1
216 910 463 1
217 924 479 1
218 940 496 1
219 954 512 1
220 968 527 1
221 982 543 1
222 884 138 1
223 884 160 1
224 884 181 1
225 883 202 1
226 883 223 1
227 884 244 1
228 884 265 1
229 883 286 1
230 883 307 1
231 883 328 1
232 883 349 1
233 885 370 1
234 888 389 1
235 895 410 1
236 905 430 1
237 916 449 1
238 928 464 1
239 941 480 1
240 956 495 1
241 970 509 1
242 985 526 1
243 897 148 1
244 896 170 1
245 896 192 1
246 896 214 1
247 897 236 1
248 897 254 1
249 896 274 1
250 897 298 1
251 897 316 1
252 896 339 1
253 897 359 1
254 901 379 1
255 906 397 1
256 912 416 1
257 921 434 1
258 931 450 1
259 944 466 1
260 958 480 1
261 973 495 1
262 986 510 1
263 1003 528 3
264 1016 544 3
265 1026 567 3
266 1026 595 3
267 1017 616 3
268 1010 602 3
269 1016 584 3
270 1010 561 3
271 999 544 3
272 1000 561 3
273 1002 582 3
274 995 607 1
275 1000 622 1
276 1007 637 1
277 985 626 1
278 990 641 1
279 999 657 1
280 995 674 1
281 981 683 1
282 983 661 1
283 974 648 1
284 969 671 1
285 970 695 1
286 996 696 3
287 991 723 3
288 971 742 3
289 945 745 3
290 962 732 3
291 981 710 3
292 964 717 3
293 942 719 1
294 933 731 1
295 922 743 1
296 922 720 1
297 901 720 1
298 881 720 1
299 859 720 1
300 839 720 1
301 816 719 1
302 796 720 1
303 774 719 1
304 754 720 1
305 732 719 1
306 713 719 1
307 691 719 1
308 669 719 1
309 649 720 1
310 628 720 1
311 607 719 1
312 585 719 1
313 567 720 1
314 545 720 1
315 523 720 1
316 501 720 1
317 482 719 1
318 459 719 1
319 438 720 1
320 417 720 1
321 397 720 1
322 375 721 1
323 353 718 1
324 333 719 1
325 313 719 1
326 290 720 1
327 250 716 1
328 232 713 1
329 271 720 1
330 912 732 1
331 891 731 1
332 869 731 1
333 847 731 1
334 827 731 1
335 807 729 1
336 785 730 1
337 764 732 1
338 745 731 1
339 723 731 1
340 701 731 1
341 680 731 1
342 660 731 1
343 639 732 1
344 616 731 1
345 596 731 1
346 575 732 1
347 553 731 1
348 533 732 1
349 512 732 1
350 490 731 1
351 470 732 1
352 448 731 1
353 427 731 1
354 407 731 1
355 386 731 1
356 366 732 1
357 343 732 1
358 324 732 1
359 302 732 1
360 280 732 1
361 261 730 1
362 240 729 1
363 903 745 1
364 880 743 1
365 860 744 1
366 836 744 1
367 817 744 1
368 797 745 1
369 774 745 1
370 755 743 1
371 733 743 1
372 713 743 1
373 691 743 1
374 671 743 1
375 651 743 1
376 630 743 1
377 606 744 1
378 585 744 1
379 565 744 1
380 544 744 1
381 524 744 1
382 503 743 1
383 479 743 1
384 460 743 1
385 439 743 1
386 417 745 1
387 396 745 1
388 375 745 1
389 354 745 1
390 332 746 1
391 310 745 1
392 290 746 1
393 267 745 1
394 247 743 1
395 252 592 1
396 264 580 1
397 276 566 1
398 226 739 2
399 208 732 2
400 189 717 2
401 178 697 2
402 170 678 2
403 170 653 2
404 172 631 2
405 178 610 2
406 192 590 2
407 212 574 2
408 233 570 2
409 252 569 2
410 218 722 2
411 198 710 2
412 187 689 2
413 183 668 2
414 183 645 2
415 187 621 2
416 199 601 2
417 219 585 2
418 241 581 2
419 210 704 2
420 198 680 2
421 196 655 2
422 197 630 2
423 209 607 2
424 229 596 2
425 287 579 1
426 305 578 1
427 317 567 1
428 337 568 1
429 326 580 1
430 349 580 1
431 366 578 1
432 390 580 1
433 410 579 1
434 432 580 1
435 452 580 1
436 473 579 1
437 494 578 1
438 512 579 1
439 540 579 1
440 558 580 1
441 569 566 1
442 579 579 1
443 524 566 1
444 503 566 1
445 465 566 1
446 443 565 1
447 401 565 1
448 379 565 1
449 275 593 1
450 294 592 1
451 337 592 1
452 359 592 1
453 401 591 1
454 423 591 1
455 463 591 1
456 485 591 1
457 525 592 1
458 548 592 1
459 588 591 1
460 590 567 1
461 632 567 1
462 650 567 1
463 673 568 1
464 692 568 1
465 753 569 1
466 736 567 1
467 715 566 1
468 775 569 1
469 641 579 1
470 661 579 1
471 684 579 1
472 706 579 1
473 723 579 1
474 747 580 1
475 765 579 1
476 631 591 1
477 651 592 1
478 673 591 1
479 715 591 1
480 735 591 1
481 756 592 1
482 294 567 4
483 358 567 4
484 420 567 4
485 484 567 4
486 546 568 4
487 316 593 4
488 377 592 4
489 439 592 4
490 504 592 4
491 568 593 4
492 608 593 5
493 600 580 5
494 609 567 5
495 693 592 1
496 778 593 3
497 801 589 3
498 822 577 3
499 836 563 3
500 847 545 3
501 852 524 3
502 851 501 3
503 838 515 3
504 837 535 3
505 826 556 3
506 810 568 3
507 791 577 3
508 798 562 3
509 817 547 3
510 827 527 3
511 826 504 1
512 836 493 1
513 849 478 1
514 834 472 1
515 844 461 1
516 821 484 1
517 819 464 1
518 815 442 1
519 810 422 1
520 808 401 1
521 803 379 1
522 800 358 1
523 798 336 1
524 797 315 1
525 798 295 1
526 829 451 1
527 840 440 1
528 825 429 1
529 837 419 1
530 821 410 1
531 832 398 1
532 817 388 1
533 828 377 1
534 814 369 1
535 825 358 1
536 812 348 1
537 823 334 1
538 810 326 1
539 811 305 1
540 824 315 1
541 809 284 2
542 823 293 2
543 819 266 2
544 795 244 2
545 772 243 2
546 800 260 2
547 796 272 2
548 781 256 2
549 775 267 2
550 747 264 2
551 754 254 2
552 748 235 2
553 727 249 2
554 734 234 2
555 734 214 2
556 710 202 2
557 685 203 2
558 651 231 2
559 713 217 2
560 688 214 2
561 670 227 2
562 714 232 2
563 693 227 2
564 665 215 2
565 166 372 2
566 620 580 1
567 367 609 7
568 389 610 7
569 412 610 7
570 432 609 7
571 456 609 7
572 474 609 7
573 516 609 7
574 557 609 7
575 578 610 7
576 600 610 7
577 620 610 7
578 644 608 7
579 536 609 7
580 494 609 7

0 4
0 6
1 0
1 3
1 4
2 1
2 3
3 4
3 5
4 5
4 6
4 7
5 7
5 8
6 7
6 9
7 8
7 9
7 11
8 11
8 12
9 10
9 11
10 13
10 14
11 10
11 12
11 13
12 15
12 13
13 15
13 16
13 14
14 16
14 17
15 31
15 16
16 31
16 17
16 30
17 18
17 30
18 19
18 39
19 20
19 56
20 21
20 40
21 22
21 41
22 23
22 42
23 33
23 43
24 50
24 25
25 51
25 26
26 52
26 27
27 53
27 28
28 54
28 29
29 74
30 32
30 18
30 39
31 32
31 30
32 39
32 55
33 34
33 44
34 35
34 45
35 36
35 46
36 47
36 37
37 48
37 38
38 49
38 24
39 19
39 55
39 56
40 21
40 41
40 58
41 22
41 42
41 59
42 23
42 43
42 60
43 33
43 44
43 61
44 34
44 45
44 62
45 63
45 35
45 46
46 47
46 64
46 36
47 48
47 65
47 37
48 49
48 66
48 38
49 50
49 67
49 24
50 51
50 68
50 25
51 52
51 69
51 26
52 53
52 70
52 27
53 54
53 71
53 28
54 73
55 56
55 57
56 20
56 40
56 57
57 40
57 58
58 41
58 59
59 42
59 60
60 43
60 61
61 44
61 62
62 63
62 45
63 64
63 46
64 47
64 65
65 48
65 66
66 49
66 67
67 50
67 68
68 51
68 69
69 52
69 70
70 53
70 71
71 54
71 72
72 73
72 75
73 84
73 74
74 565
75 84
75 76
76 77
77 85
77 78
78 79
78 86
79 80
80 81
81 82
81 88
82 83
82 89
83 111
83 144
84 565
84 85
85 86
86 87
86 90
87 81
87 88
88 89
88 92
89 111
89 93
90 87
90 91
91 88
91 92
92 93
93 111
93 94
94 95
94 112
95 96
95 113
96 97
96 114
97 98
97 115
98 99
98 116
99 100
99 117
100 101
100 118
101 102
101 119
102 103
102 120
103 104
103 121
104 105
104 122
105 106
105 123
106 107
106 124
107 108
107 125
108 127
108 109
109 110
109 126
110 145
110 146
111 144
111 112
111 94
112 95
112 128
112 113
113 96
113 129
113 114
114 97
114 130
114 115
115 98
115 131
115 116
116 99
116 132
116 117
117 100
117 133
117 118
118 101
118 134
118 119
119 102
119 135
119 120
120 103
120 136
120 121
121 104
121 137
121 122
122 105
122 138
122 123
123 106
123 139
123 124
124 107
124 140
124 125
125 127
125 108
125 141
126 143
126 145
126 110
127 109
127 126
127 142
128 129
128 113
129 130
129 114
130 131
130 115
131 116
131 132
132 133
132 117
133 134
133 118
134 135
134 119
135 120
135 136
136 137
136 121
137 122
137 138
138 123
138 139
139 124
139 140
140 141
140 125
141 127
141 142
142 143
142 126
143 145
143 149
144 128
144 112
145 148
146 147
147 156
148 147
148 152
149 148
149 150
150 151
150 152
151 153
152 155
152 156
153 154
153 155
154 180
154 169
155 169
155 154
155 157
156 155
156 157
157 169
157 158
158 159
158 170
159 160
159 171
160 161
160 172
161 162
161 173
162 163
162 174
163 175
163 164
164 176
164 165
165 177
165 166
166 178
166 167
167 179
167 168
168 194
169 180
169 170
169 158
170 159
170 181
170 171
171 160
171 182
171 172
172 161
172 183
172 173
173 162
173 184
173 174
174 175
174 163
174 185
175 176
175 164
175 186
176 177
176 165
176 187
177 178
177 166
177 188
178 179
178 167
178 189
179 193
180 181
180 170
181 182
181 171
182 183
182 172
183 184
183 173
184 185
184 174
185 175
185 186
186 176
186 187
187 177
187 188
188 178
188 189
189 179
189 190
190 191
190 193
191 192
191 195
192 196
193 194
193 195
194 197
195 197
195 198
196 198
196 199
197 198
197 200
198 199
198 200
198 222
199 243
199 222
200 201
200 222
201 223
201 202
202 224
202 203
203 225
203 204
204 226
204 205
205 227
205 206
206 207
206 228
207 208
207 229
208 209
208 230
209 210
209 231
210 211
210 232
211 212
211 233
212 213
212 234
213 214
213 235
214 215
214 236
215 216
215 237
216 217
216 238
217 239
217 218
218 240
218 219
219 241
219 220
220 242
220 221
221 272
222 223
222 243
222 201
223 224
223 244
223 202
224 225
224 245
224 203
225 226
225 246
225 204
226 227
226 247
226 205
227 228
227 248
227 206
228 207
228 229
228 249
229 208
229 230
229 250
230 209
230 231
230 251
231 210
231 232
231 252
232 211
232 233
232 253
233 212
233 234
233 254
234 255
234 213
234 235
235 256
235 214
235 236
236 257
236 215
236 237
237 258
237 216
237 238
238 239
238 259
238 217
239 240
239 260
239 218
240 241
240 261
240 219
241 242
241 262
241 220
242 271
243 223
243 244
244 224
244 245
245 225
245 246
246 226
246 247
247 227
247 248
248 228
248 249
249 229
249 250
250 230
250 251
251 231
251 252
252 232
252 253
253 233
253 254
254 255
254 234
255 256
255 235
256 257
256 236
257 258
257 237
258 259
258 238
259 239
259 260
260 240
260 261
261 241
261 262
262 242
262 263
263 271
263 264
264 265
264 270
265 266
265 269
266 267
266 268
267 275
267 276
268 274
268 275
269 268
270 273
270 269
271 272
271 270
272 273
273 274
274 275
274 277
275 276
275 277
275 278
276 278
276 279
277 278
277 283
278 279
278 282
278 283
279 280
279 282
280 281
280 286
281 291
282 280
282 281
282 284
283 282
283 284
284 281
284 285
285 292
286 287
286 291
287 288
287 290
288 289
289 294
289 295
290 293
290 294
291 290
291 292
292 293
293 294
293 296
294 295
294 296
294 330
295 330
295 363
296 297
296 330
297 298
297 331
298 299
298 332
299 300
299 333
300 301
300 334
301 335
301 302
302 303
302 336
303 304
303 337
304 305
304 338
305 306
305 339
306 307
306 340
307 308
307 341
308 309
308 342
309 310
309 343
310 311
310 344
311 312
311 345
312 313
312 346
313 314
313 347
314 315
314 348
315 316
315 349
316 317
316 350
317 351
317 318
318 319
318 352
319 320
319 353
320 321
320 354
321 322
321 355
322 323
322 356
323 324
323 357
324 325
324 358
325 326
325 359
326 360
326 329
327 328
327 362
328 419
329 327
329 361
330 297
330 363
330 331
331 298
331 364
331 332
332 299
332 365
332 333
333 300
333 366
333 334
334 335
334 367
334 301
335 368
335 336
335 302
336 303
336 369
336 337
337 304
337 338
337 370
338 305
338 371
338 339
339 306
339 340
339 372
340 307
340 341
340 373
341 308
341 342
341 374
342 309
342 343
342 375
343 310
343 344
343 376
344 311
344 377
344 345
345 312
345 346
345 378
346 313
346 347
346 379
347 314
347 380
347 348
348 315
348 349
348 381
349 316
349 382
349 350
350 351
350 383
350 317
351 352
351 384
351 318
352 319
352 385
352 353
353 320
353 354
353 386
354 321
354 355
354 387
355 322
355 388
355 356
356 323
356 357
356 389
357 324
357 358
357 390
358 325
358 391
358 359
359 326
359 360
359 392
360 329
360 393
360 361
361 327
361 362
361 394
362 410
363 331
363 364
364 332
364 365
365 333
365 366
366 367
366 334
367 335
367 368
368 336
368 369
369 337
369 370
370 338
370 371
371 339
371 372
372 340
372 373
373 341
373 374
374 342
374 375
375 343
375 376
376 344
376 377
377 345
377 378
378 346
378 379
379 347
379 380
380 348
380 381
381 349
381 382
382 383
382 350
383 351
383 384
384 352
384 385
385 353
385 386
386 354
386 387
387 355
387 388
388 356
388 389
389 357
389 390
390 358
390 391
391 359
391 392
392 360
392 393
393 361
393 394
394 362
394 398
395 449
395 396
396 449
396 425
396 397
397 482
397 425
398 399
398 410
399 400
399 411
400 401
401 402
401 412
402 403
402 413
403 404
403 414
404 415
404 405
405 416
405 406
406 417
406 407
407 408
408 418
408 409
409 396
409 397
410 419
410 411
411 412
412 420
412 413
413 421
413 414
414 415
414 422
415 416
415 423
416 417
417 418
417 424
418 395
418 396
419 420
420 421
421 422
422 423
423 424
424 395
425 450
425 426
426 487
426 427
426 429
427 428
427 429
428 483
428 430
429 451
429 428
429 430
430 431
430 483
430 452
431 448
431 432
431 488
432 447
432 433
432 453
433 434
433 484
433 454
434 435
434 489
434 446
435 436
435 455
435 445
436 437
436 485
436 456
437 438
437 490
437 444
438 439
438 457
438 443
439 486
439 440
439 458
440 441
440 442
440 491
441 442
441 460
442 459
442 460
442 493
443 486
443 439
444 438
444 443
445 436
445 485
446 435
446 445
447 433
447 484
448 447
448 432
449 450
449 425
450 487
450 426
451 452
451 567
451 430
452 431
452 567
452 488
453 433
453 454
454 434
454 489
455 436
455 456
456 437
456 490
457 439
457 458
458 440
458 491
459 492
459 493
460 493
460 494
461 469
461 462
462 463
462 470
463 464
463 471
464 467
464 472
465 468
465 475
466 465
466 474
467 466
467 473
468 508
469 470
469 477
469 462
470 463
470 471
470 478
471 495
471 464
471 472
472 479
472 467
472 473
473 480
473 466
473 474
474 465
474 481
474 475
475 507
476 469
476 477
477 470
477 478
478 495
478 471
479 480
479 473
480 481
480 474
481 496
481 475
482 425
482 426
482 427
483 431
483 448
484 434
484 446
485 437
485 444
486 440
486 441
487 451
487 429
488 432
488 453
489 435
489 455
490 438
490 457
491 442
491 459
492 566
492 476
493 566
493 492
493 494
494 566
494 461
495 479
495 472
496 497
496 507
497 498
497 506
498 499
498 505
499 500
500 501
500 504
501 502
501 503
502 512
502 513
503 511
503 512
504 503
504 510
505 504
506 505
506 509
507 506
507 508
508 509
509 510
510 511
511 512
511 516
512 513
512 514
512 516
513 514
513 515
514 515
514 517
514 526
515 527
515 526
516 514
516 517
517 518
517 526
518 528
518 519
519 530
519 520
520 532
520 521
521 534
521 522
522 536
522 523
523 538
523 524
524 539
524 525
525 547
526 527
526 528
526 518
527 528
527 529
528 529
528 530
528 519
529 530
529 531
530 531
530 532
530 520
531 532
531 533
532 533
532 534
532 521
533 534
533 535
534 535
534 536
534 522
535 536
535 537
536 537
536 538
536 523
537 538
537 540
538 539
538 524
538 540
539 541
540 539
540 542
541 546
542 543
542 541
543 544
543 546
544 545
544 548
545 551
545 552
546 548
547 549
548 549
548 551
549 550
549 551
550 553
551 552
551 554
552 555
553 562
553 554
554 559
554 562
555 559
555 556
556 560
556 557
557 564
558 0
558 1
559 560
559 563
560 561
561 1
561 2
562 563
563 2
564 561
564 558
565 90
566 469
566 476
566 461
567 568
568 569
569 570
570 571
571 572
572 580
573 579
574 575
575 576
576 577
577 578
578 477
578 478
579 574
580 573

263 0.0
264 1.0
265 2.5
266 3.5
267 4.5
268 4.0
269 3.0
270 2.0
271 0.5
272 1.5
273 3.5
541 0.5
286 0.0
542 0.0
287 1.0
543 1.0
288 1.5
544 2.0
545 3.5
289 2.5
546 1.5
290 2.0
291 0.5
547 2.0
292 1.5
548 2.5
549 3.0
550 4.0
551 4.5
552 5.0
553 5.0
554 5.5
555 6.0
556 7.5
557 8.0
558 10.0
559 7.0
560 8.5
561 9.5
562 6.5
563 9.0
564 9.0
565 4.5
569 1.0
570 1.0
571 1.0
572 1.0
573 1.0
574 1.0
575 1.0
576 1.0
579 1.0
580 1.0
72 0.0
73 0.5
74 1.5
75 1.0
76 2.0
77 3.0
78 4.0
79 5.0
80 6.5
81 8.0
82 9.0
83 10.0
84 2.5
85 3.5
86 5.5
87 7.0
88 8.5
89 9.5
90 6.0
91 7.5
92 9.0
398 0.0
399 1.0
400 1.5
401 3.0
402 4.0
147 1.5
403 5.0
404 6.5
148 0.5
149 0.0
405 8.0
406 9.0
150 1.0
407 10.0
151 1.5
408 11.0
152 2.0
153 2.5
409 12.0
410 0.5
411 2.0
412 3.5
413 4.5
414 6.0
415 7.5
416 8.5
417 10.5
418 11.5
419 2.5
420 4.0
421 5.5
422 7.0
423 9.5
424 11.0
190 0.0
191 1.0
192 1.5
193 0.5
194 1.5
195 2.0
196 2.5
496 0.0
497 1.0
498 2.5
499 3.0
500 4.5
501 5.5
502 6.5
503 6.0
504 5.0
505 3.5
506 2.0
507 0.5
508 1.5
509 4.0
510 5.5

482 0.0
483 0.0
484 0.0
485 0.0
486 0.0
487 0.0
488 0.0
489 0.0
490 0.0
491 0.0
